Name	W	SV	K	ERA	WHIP	IP	Weeks
A.J. Cole	0.42857142857142855	0	6.285714285714286	3.859649122807018	1.5682857142857143	51.3	7
A.J. Griffin	0.375	0	3.8125	6.063408190224571	2.3320625	75.7	16
A.J. Minter	0	0	4.333333333333333	3.3088235294117645	1.0566666666666666	13.600000000000001	6
A.J. Schugel	0.3333333333333333	0	2.25	2.1575342465753424	2.014666666666667	29.2	12
Aaron Blair	0	0	3	15	3.333	3	1
Aaron Bummer	0.1	0	1.7	4.974874371859296	1.3933	19.900000000000002	10
Aaron Loup	0.08	0	2.56	4.0754716981132075	1.5324	53	25
Aaron Nola	0.5454545454545454	0	8.363636363636363	3.550508069336521	1.2912727272727273	167.3	22
Aaron Sanchez	0.14285714285714285	0	3.4285714285714284	4.334277620396601	2.1189999999999998	35.3	7
Aaron Slegers	0	0	2.25	6.875000000000001	1.95125	14.399999999999999	4
Aaron Wilkerson	0.3333333333333333	0	2.3333333333333335	3.5643564356435644	0.8096666666666665	10.1	3
Adalberto Mejia	0.2222222222222222	0	4.722222222222222	4.666666666666666	1.7195	94.5	18
Adam Conley	0.47058823529411764	0	4.235294117647059	6.382978723404255	1.905764705882353	98.7	17
Adam Kolarek	0.2	0	0.8	7.2972972972972965	1.9714	7.4	5
Adam Liberatore	0	0	1.25	3.75	2.4375	2.4	4
Adam Morgan	0.15789473684210525	0	3.3157894736842106	4.437869822485207	1.3819473684210526	50.7	19
Adam Ottavino	0.08	0	2.52	5.601659751037344	2.05368	48.2	25
Adam Wainwright	0.631578947368421	0	5.052631578947368	5.236907730673317	1.7552631578947369	120.3	19
Adam Warren	0.15	0.05	2.7	2.5186567164179103	1.03325	53.6	20
Adam Wilk	0	0	2	9.999999999999998	2.35925	12.600000000000001	4
Addison Reed	0.08	0.76	3.04	3.037974683544304	1.20184	71.1	25
AJ Ramos	0.08	1.08	2.88	4.069565217391304	1.55376	57.5	25
Akeel Morris	0	0	3	1.40625	1.2	6.4	3
Al Alburquerque	0	0	1.75	2.6011560693641615	0.7875	17.3	8
Alan Busenitz	0.07692307692307693	0	1.7692307692307692	2.2183098591549295	1.091	28.400000000000002	13
Albert Suarez	0	0.1	3.4	5.311475409836065	1.3381	30.5	10
Alec Asher	0.14285714285714285	0	3.357142857142857	5.506993006993007	1.4825	57.2	14
Alejandro Chacin	0	0	1.2	11.88679245283019	2.47	5.3	5
Alex Claudio	0.16	0.44	2.24	2.6778783958602848	1.20496	77.3	25
Alex Cobb	0.5454545454545454	0	5.818181818181818	3.741457858769932	1.2899545454545454	175.6	22
Alex Colome	0.08	1.88	2.32	3.406940063091483	1.1418	63.4	25
Alex Meyer	0.36363636363636365	0	6.818181818181818	3.835616438356164	1.4795454545454545	65.7	11
Alex Wilson	0.08333333333333333	0.08333333333333333	1.75	4.838709677419356	1.4676666666666667	55.8	24
Alex Wimmers	0	0	2.3333333333333335	5.070422535211268	2.143	7.1	3
Alex Wood	0.6666666666666666	0	6.291666666666667	2.7471798274717987	1.0578750000000001	150.7	24
Amir Garrett	0.2	0	4.2	7.587209302325582	1.9794666666666667	68.8	15
Andres Blanco	0	0	0	90	3	0.1	1
Andres Machado	0	0	0.5	25.3125	6.25	3.2	2
Andrew Albers	0.7142857142857143	0.14285714285714285	5.285714285714286	3.5732009925558317	1.39	40.3	7
Andrew Bailey	1	0	1	0	0.5	4	2
Andrew Cashner	0.4782608695652174	0	3.739130434782609	3.4405339805825244	1.4260869565217391	164.8	23
Andrew Chafin	0.04	0	2.44	3.8379530916844353	1.46476	46.9	25
Andrew Heaney	0.25	0	6.75	7.216981132075472	1.7945	21.2	4
Andrew Kittredge	0	0	1.75	1.8749999999999998	1.182125	14.4	8
Andrew Miller	0.18181818181818182	0.09090909090909091	4.318181818181818	1.5706806282722514	0.8785000000000001	57.3	22
Andrew Moore	0.125	0	3.875	5.46875	1.467625	57.6	8
Andrew Romine	0	0	0	0	1.5	0.30000000000000004	2
Andrew Triggs	0.5	0	5	4.428571428571428	1.4802	63	10
Angel Sanchez	0.2	0	2	8.925619834710744	1.6066	12.1	5
Anibal Sanchez	0.15789473684210525	0	5.473684210526316	6.643700787401575	1.7537368421052633	101.6	19
Anthony Banda	0.3333333333333333	0	4.166666666666667	6.071428571428572	1.2753333333333334	25.2	6
Anthony Bass	0	0	0.5	15.576923076923075	2.4165	5.2	2
Anthony Swarzak	0.25	0.08333333333333333	3.7916666666666665	2.493074792243767	1.14	72.2	24
Antonio Bastardo	0	0	1.3333333333333333	17.763157894736842	2.7083333333333335	7.6000000000000005	6
Antonio Senzatela	0.4	0	4.08	4.743975903614458	1.35104	132.8	25
Arcenio Leon	0	0	0.6666666666666666	13.064516129032258	1.2576666666666667	6.2	3
Archie Bradley	0.12	0.04	3.16	1.8694362017804154	1.04528	67.4	25
Ariel Hernandez	0	0	2.9	5.7272727272727275	3.0459	22	10
Ariel Miranda	0.3333333333333333	0	5.708333333333333	5.233226837060703	1.518375	156.5	24
Arodys Vizcaino	0.20833333333333334	0.5833333333333334	2.6666666666666665	2.983425414364641	1.0542916666666666	54.300000000000004	24
Aroldis Chapman	0.19047619047619047	1.0476190476190477	3.2857142857142856	3.4763948497854074	1.2461428571428572	46.6	21
Artie Lewicki	0	0	3	6.237623762376238	2.2714999999999996	10.1	2
Asher Wojciechowski	0.23529411764705882	0	3.764705882352941	6.911262798634812	2.0758823529411763	58.6	17
Ashur Tolliver	0	0	1.6666666666666667	3.6	0.6666666666666666	5	3
Austin Adams	0	0	2.5	3.6	1.5	5	4
Austin Bibens-Dirkx	0.3333333333333333	0	2.533333333333333	4.939024390243903	1.5337333333333334	65.6	15
Austin Brice	0	0	2.3636363636363638	5.259740259740259	1.3756363636363635	30.8	11
Austin Maddox	0	0	1.75	0.5487804878048781	0.914	16.4	8
Austin Pruitt	0.3684210526315789	0.05263157894736842	3.473684210526316	5.498753117206983	2.089736842105263	80.2	19
Barrett Astin	0	0	0.5	7.397260273972603	1.3625	7.3	4
Bartolo Colon	0.3181818181818182	0	4.045454545454546	6.611982881597719	1.756318181818182	140.2	22
Ben Heller	0.16666666666666666	0	1.5	0.9375	1.8916666666666666	9.6	6
Ben Lively	0.3076923076923077	0	4	4.285714285714286	1.3025384615384614	88.2	13
Ben Taylor	0	0.125	2.25	5.732484076433121	2.1595	15.700000000000001	8
Blaine Boyer	0.06666666666666667	0	2.2	4.699738903394255	1.7572666666666668	38.300000000000004	15
Blaine Hardy	0.0625	0	1.75	6.689189189189189	2.01	29.6	16
Blake Parker	0.12	0.32	3.44	2.7491961414790995	0.90208	62.2	25
Blake Snell	0.2631578947368421	0	6.2631578947368425	4.110236220472441	1.3682105263157895	127	19
Blake Treinen	0.12	0.64	2.96	4.142259414225942	1.50208	71.7	25
Blake Wood	0.12	0	3.36	5.793991416309012	1.87108	69.9	25
Bobby Wahl	0	0	2	5	2.6	7.2	4
Boone Logan	0.07142857142857142	0	2	5.238095238095238	1.6765714285714286	18.900000000000002	14
Brad Boxberger	0.3076923076923077	0	3.076923076923077	3.485915492957747	1.2076923076923076	28.4	13
Brad Brach	0.16	0.72	2.8	3.2776934749620636	1.27704	65.9	25
Brad Goldberg	0	0	0.42857142857142855	10	3.9178571428571427	9.9	7
Brad Hand	0.12	0.84	4.16	2.220779220779221	0.93844	77	25
Brad Peacock	0.52	0	6.44	3.0817120622568095	1.26616	128.5	25
Brad Ziegler	0.05	0.5	1.3	5.257009345794392	2.4335	42.8	20
Braden Shipley	0	0	2.25	6.101694915254237	1.597625	23.6	8
Brandon Finnegan	0.3333333333333333	0	5.333333333333333	4.153846153846154	2.3173333333333335	13	3
Brandon Kintzler	0.16	1.16	1.56	3.162518301610542	1.18692	68.3	25
Brandon Maurer	0.12	0.88	2.36	7.049180327868853	2.13968	54.9	25
Brandon McCarthy	0.42857142857142855	0	5.142857142857143	4.032786885245901	1.2842857142857143	91.5	14
Brandon Morrow	0.375	0.125	3.125	2.18978102189781	1.2328125	41.1	16
Brandon Woodruff	0.2857142857142857	0	4.571428571428571	4.975961538461538	1.508	41.6	7
Brandon Workman	0.07692307692307693	0	2.8461538461538463	3.3962264150943393	1.34	37.1	13
Brent Suter	0.2	0	4.266666666666667	3.49624060150376	1.3838666666666666	79.8	15
Brett Anderson	0.4	0	3.8	6.6226415094339615	2.6848	53	10
Brett Cecil	0.08	0.04	2.64	4.059097978227061	1.5462	64.3	25
Brett Nicholas	0	0	0	36	5	1	1
Brian Duensing	0.041666666666666664	0	2.5416666666666665	2.989510489510489	1.2590416666666666	57.2	24
Brian Ellington	0.0625	0	3	7.570093457943926	2.1210625	42.8	16
Brian Flynn	0	0	0	4.285714285714286	1.286	2.1	1
Brian Johnson	0.4	0	4.2	4.448669201520913	1.6682	26.3	5
Brock Stewart	0	0.07692307692307693	2.230769230769231	3.502994011976048	1.5360769230769231	33.4	13
Bronson Arroyo	0.2727272727272727	0	4.090909090909091	7.5	1.6188181818181817	69.6	11
Brooks Pounders	0.125	0	1.5	12.413793103448278	2.56075	8.7	8
Bruce Rondon	0.125	0.125	2.75	12.391304347826086	2.721	13.8	8
Bryan Mitchell	0.07692307692307693	0.07692307692307693	1.3076923076923077	6.136363636363636	2.646076923076923	30.8	13
Bryan Morris	0.25	0	1.875	6.887755102040816	2.061	19.6	8
Bryan Shaw	0.16	0.12	2.92	3.7868162692847127	1.33032	71.3	25
Buck Farmer	0.5555555555555556	0	5.444444444444445	7.0588235294117645	1.6254444444444445	45.9	9
Bud Norris	0.08695652173913043	0.8260869565217391	3.217391304347826	4.408783783783783	1.4882608695652173	59.2	23
Buddy Baumann	0.2	0	2.1	2.8481012658227844	1.225	15.8	10
Buddy Boshers	0.05555555555555555	0	1.5555555555555556	5.310559006211179	1.5218333333333334	32.2	18
Caleb Smith	0	0	3	8.228571428571428	2.0801666666666665	17.5	6
Cam Bedrosian	0.3333333333333333	0.3333333333333333	2.9444444444444446	4.782608695652174	1.3615555555555556	41.4	18
Carl Edwards	0.2	0	3.76	3.272727272727273	1.1412	60.5	25
Carlos Carrasco	0.72	0	9.04	3.3675038441824707	1.12904	195.1	25
Carlos Estevez	0.3333333333333333	0	2.066666666666667	5.863192182410424	1.7003333333333333	30.7	15
Carlos Martinez	0.48	0	8.68	3.6943620178041545	1.32708	202.2	25
Carlos Ramirez	0	0	2.8	2.777777777777778	0.669	16.2	5
Carlos Rodon	0.2222222222222222	0	8.444444444444445	4.298507462686567	1.4455555555555555	67	9
Carlos Ruiz	0	0	1	9	4	1	1
Carlos Torres	0.16	0.04	2.24	4.409221902017291	1.60748	69.4	25
Carson Fulmer	0.5	0	3.1666666666666665	4.017857142857143	2.501	22.4	6
Carson Smith	0	0.25	1.75	1.4516129032258065	1.875	6.2	4
Carter Capps	0	0	1.4	7.105263157894737	1.1666	11.4	5
Casey Fien	0	0	1.6666666666666667	14.433962264150944	4.139333333333333	10.6	6
Casey Lawrence	0.11764705882352941	0	3.0588235294117645	6.711281070745699	1.9401176470588235	52.3	17
CC Sabathia	0.6086956521739131	0	5.217391304347826	3.7757909215955983	1.3915652173913045	145.4	23
Cesar Valdez	0.125	0	2.625	7.932203389830509	2.092	29.5	8
Chad Bell	0	0	3.1666666666666665	7.372013651877133	1.9932222222222222	58.6	18
Chad Bettis	0.2857142857142857	0	4.285714285714286	5.154185022026432	3.7398571428571428	45.4	7
Chad Green	0.25	0	5.15	1.965678627145086	0.7988999999999999	64.1	20
Chad Kuhl	0.3333333333333333	0	5.916666666666667	4.412903225806452	1.5125833333333334	155	24
Chad Qualls	0.1111111111111111	0	1.2222222222222223	5.806451612903226	1.6984444444444444	15.5	9
Charlie Morton	0.7	0	8.15	3.667127071823204	1.2064	144.8	20
Chase Anderson	0.6	0	6.65	2.7841726618705036	1.0677	139	20
Chase De Jong	0	0	1.8571428571428572	6.569343065693431	2.0655714285714284	27.4	7
Chase Whitley	0.09090909090909091	0.09090909090909091	1.9545454545454546	4.482758620689655	1.289909090909091	52.2	22
Chasen Bradford	0.15384615384615385	0	2.076923076923077	4.144736842105264	1.575846153846154	30.4	13
Chasen Shreve	0.17391304347826086	0	2.5217391304347827	4.329113924050633	1.6347391304347827	39.5	23
Chaz Roe	0	0	2.6	2.6470588235294117	1.17	10.2	5
Chih-Wei Hu	0.16666666666666666	0	1.5	2.903225806451613	1.1011666666666666	9.3	6
Chris Archer	0.4	0	9.96	4.1321897073662965	1.28728	198.2	25
Chris Beck	0.09090909090909091	0	1.9090909090909092	6.981450252951095	1.7665	59.300000000000004	22
Chris Devenski	0.32	0.16	4	2.8421052631578947	1.10232	76	25
Chris Flexen	0.3333333333333333	0	4	8.111587982832619	2.0775555555555556	46.599999999999994	9
Chris Gimenez	0	0	0	8.372093023255815	1.1666666666666667	4.3	6
Chris Hatcher	0.05263157894736842	0.05263157894736842	3.3157894736842106	4.468085106382978	1.3336842105263158	56.4	19
Chris Heston	0	0	1	16.5	2.889	6	3
Chris O'Grady	0.2857142857142857	0	4.285714285714286	4.556962025316456	1.5415714285714286	31.599999999999998	7
Chris Rowley	0.16666666666666666	0	1.8333333333333333	6.923076923076923	2.3875	18.2	6
Chris Rusin	0.2	0.08	2.84	2.808988764044944	1.31816	80.1	25
Chris Sale	0.68	0	12.32	2.9292452830188678	1.08104	212	25
Chris Smith	0	0	2.2857142857142856	6.887755102040817	1.5367142857142857	58.8	14
Chris Stratton	0.36363636363636365	0.09090909090909091	4.636363636363637	3.802816901408451	2.68	56.8	11
Chris Tillman	0.05263157894736842	0	3.3157894736842106	8.082039911308204	2.058157894736842	90.2	19
Chris Volstad	0.25	0	2.5	4.712041884816754	0.99125	19.1	4
Chris Young	0	0	2.2	7.867132867132867	3.1843	28.6	10
Christian Bergman	0.4444444444444444	0	3.6666666666666665	5.133079847908745	1.3705555555555555	52.6	9
Christian Bethancourt	0	0	0.6666666666666666	16.875	3.466666666666667	3.2	3
Clay Buchholz	0	0	2.5	12.67605633802817	2.9285	7.1	2
Clayton Kershaw	0.9	0	10.1	2.3329493087557607	1.0026	173.6	20
Clayton Richard	0.32	0	6.04	4.863612969634585	1.58848	194.3	25
Cody Allen	0.12	1.2	3.68	3.1132075471698113	1.20264	63.6	25
Cody Martin	0	0	0	13.5	3.5	2	1
Cody Reed	0.1111111111111111	0.1111111111111111	1.8888888888888888	5.232558139534884	1.7777777777777777	17.2	9
Cole Hamels	0.6470588235294118	0	6.176470588235294	4.236016371077763	1.255764705882353	146.6	17
Collin McHugh	0.5	0	6.2	3.646677471636953	1.3177	61.7	10
Corey Kluber	0.8181818181818182	0	12.045454545454545	2.2666666666666666	1.0000454545454545	202.5	22
Corey Knebel	0.04	1.56	5.04	1.8620689655172413	1.18604	72.5	25
Cory Gearrin	0.16	0	2.56	2.0930232558139537	1.27308	64.5	25
Cory Mazzoni	0	0	1.3333333333333333	14.794520547945206	2.611	7.3	3
Craig Breslow	0.05263157894736842	0	1.2105263157894737	5.572755417956656	1.7574736842105263	32.300000000000004	19
Craig Kimbrel	0.2	1.4	5.04	1.4954682779456194	0.71076	66.2	25
Craig Stammen	0.08	0	2.96	3.38255033557047	1.33728	74.5	25
Dallas Keuchel	0.7368421052631579	0	6.578947368421052	2.9273356401384083	1.1906842105263158	144.5	19
Damien Magnifico	0	0	1	0	6	0.1	1
Dan Altavilla	0.058823529411764705	0	3.0588235294117645	4.489795918367347	1.4890588235294118	44.1	17
Dan Jennings	0.12	0	2.04	3.8162544169611308	1.83264	56.6	25
Dan Otero	0.125	0	1.5833333333333333	3.064516129032258	1.1475416666666667	55.800000000000004	24
Dan Runzler	0	0	1.3333333333333333	5.454545454545453	2.5	3.3000000000000003	3
Dan Slania	0	0	0	0	0	1	1
Dan Straily	0.4	0	6.8	4.338565022421525	1.3942	178.4	25
Dan Winkler	0.16666666666666666	0	3	2.8346456692913384	0.8848333333333334	12.7	6
Daniel Coulombe	0.08	0	1.56	3.7735849056603774	1.38392	47.7	25
Daniel Descalso	0	0	0	0	0	2	2
Daniel Gossett	0.3076923076923077	0	5.538461538461538	6.269662921348315	1.7686923076923078	89	13
Daniel Hudson	0.08	0	2.64	4.7957371225577266	1.8268	56.300000000000004	25
Daniel Mengden	0.6	0	5.8	3.1395348837209305	1.0778	43	5
Daniel Norris	0.2631578947368421	0	4.526315789473684	5.48780487804878	1.4682631578947367	98.4	19
Daniel Stumpf	0	0	1.9411764705882353	4.27299703264095	1.7048235294117646	33.7	17
Daniel Wright	0	0	2.2	4.6875	1.4444	19.2	5
Danny Barnes	0.13636363636363635	0	2.8181818181818183	3.7864077669902914	1.1828636363636365	61.8	22
Danny Duffy	0.5	0	7.222222222222222	3.893928820655967	1.2621666666666667	143.29999999999998	18
Danny Farquhar	0.2	0	2.25	4.47084233261339	1.45195	46.300000000000004	20
Danny Salazar	0.2777777777777778	0	8.055555555555555	4.495412844036697	1.5280555555555555	98.1	18
Dario Alvarez	0.18181818181818182	0	1.5454545454545454	3.2142857142857144	1.981818181818182	14	11
Darren O'Day	0.08333333333333333	0.08333333333333333	3.1666666666666665	3.5689655172413794	1.1752916666666666	58	24
David Goforth	0	0	0	0	1	1	1
David Hernandez	0.13636363636363635	0.09090909090909091	2.3636363636363638	3.4131736526946104	1.7302272727272727	50.1	22
David Holmberg	0.1111111111111111	0	1.8333333333333333	5.027932960893854	2.4889444444444444	53.7	18
David Paulino	0.4	0	6.8	6.678445229681979	1.4727999999999999	28.299999999999997	5
David Phelps	0.21052631578947367	0	3.263157894736842	3.559322033898305	1.708	53.1	19
David Price	0.6	0	7.6	3.3962264150943393	1.1126	74.2	10
David Robertson	0.36	0.56	3.92	1.95046439628483	0.93832	64.6	25
Dayan Diaz	0.16666666666666666	0	3.3333333333333335	9.512195121951219	2.1945	12.3	6
Deck McGuire	0.3333333333333333	0	3.6666666666666665	2.7272727272727275	0.6666666666666666	13.2	3
Dellin Betances	0.12	0.4	4	3.1491712707182318	1.47008	54.300000000000004	25
Deolis Guerra	0.18181818181818182	0	2	5.109170305676856	1.2603636363636364	22.900000000000002	11
Derek Holland	0.3333333333333333	0	4.9523809523809526	6.433512682551884	1.9215238095238094	130.1	21
Derek Law	0.23529411764705882	0.23529411764705882	2.0588235294117645	5.2941176470588225	1.3578235294117647	35.7	17
Diego Moreno	0	0	3	5.192307692307692	1.354	5.2	2
Dietrich Enns	0	0	1	8.181818181818183	1.8855	3.3	2
Dillon Gee	0.25	0.08333333333333333	3.4166666666666665	3.6382978723404253	1.55225	47	12
Dillon Maples	0	0	2.75	10.588235294117647	2.1875	5.1	4
Dillon Overton	0	0	1.5714285714285714	7.083333333333334	2.415714285714286	21.599999999999998	7
Dillon Peters	0.2	0	5.4	5.328947368421053	1.6084	30.4	5
Dinelson Lamet	0.3888888888888889	0	7.722222222222222	4.62356067316209	1.228388888888889	112.9	18
Domingo German	0	0	3	3.3582089552238803	1.3291666666666666	13.4	6
Dominic Leone	0.12	0.04	3.24	2.7607361963190185	1.05056	65.2	25
Donnie Hart	0.09523809523809523	0	1.380952380952381	4.00990099009901	1.6917619047619048	40.4	21
Doug Fister	0.38461538461538464	0	6.384615384615385	4.971815107102593	1.5520769230769231	88.7	13
Dovydas Neverauskas	0.1	0	1.7	4.057377049180328	1.2701	24.4	10
Drew Anderson	0	0	1	25.714285714285715	2.875	2.1	2
Drew Pomeranz	0.7083333333333334	0	7.25	3.3942251031231585	1.3322083333333332	169.7	24
Drew Rucinski	0	0	2.5	10.975609756097562	3.9	4.1	2
Drew Steckenrider	0.06666666666666667	0.06666666666666667	3.6	2.523364485981308	1.6228	32.1	15
Drew Storen	0.19047619047619047	0.047619047619047616	2.2857142857142856	4.727626459143969	1.5272380952380953	51.4	21
Drew VerHagen	0	0	2.5	6.1875	1.5018	32	10
Dustin McGowan	0.3333333333333333	0	2.6666666666666665	4.959677419354838	1.4934583333333333	74.4	24
Dylan Bundy	0.5909090909090909	0	6.909090909090909	4.27299703264095	1.2515454545454545	168.5	22
Dylan Covey	0	0	3.1538461538461537	8.035714285714285	1.709230769230769	67.2	13
Dylan Floro	0	0	2	6.847826086956522	2.095	9.2	3
Eddie Butler	0.4	0	3	4.090909090909092	1.6241999999999999	52.8	10
Edgar Santana	0	0	2.5	3.6416184971098264	1.71425	17.3	8
Edinson Volquez	0.2857142857142857	0	5.785714285714286	4.2668136714443214	1.6142857142857143	90.7	14
Eduardo Paredes	0	0.09090909090909091	1.5454545454545454	4.95	1.5072727272727273	20	11
Eduardo Rodriguez	0.3	0	7.5	4.288905435591958	1.45645	134.3	20
Edubray Ramos	0.09523809523809523	0	3.5714285714285716	4.41016333938294	1.663	55.1	21
Edward Mujica	0	0	3.5	10.327868852459018	1.75	6.1	2
Edward Paredes	0.2	0	2.2	3.3333333333333335	1.6	8.1	5
Edwin Diaz	0.16	1.36	3.56	3.495145631067961	1.14812	61.800000000000004	25
Edwin Jackson	0.4166666666666667	0	5	5.308310991957105	1.7381666666666666	74.6	12
Emilio Pagan	0.14285714285714285	0	4	3.4249471458773786	0.9558571428571428	47.3	14
Enny Romero	0.09090909090909091	0.09090909090909091	2.9545454545454546	3.8297872340425534	1.3965	51.7	22
Erasmo Ramirez	0.20833333333333334	0.041666666666666664	4.541666666666667	4.465116279069767	1.301125	129	24
Eric O'Flaherty	0	0	1.6666666666666667	8.622754491017965	1.653888888888889	16.7	9
Eric Skoglund	0.16666666666666666	0	2.3333333333333335	9.884393063583815	3.4855	17.3	6
Erick Aybar	0	0	0	0	0.5	1.1	2
Erick Fedde	0	0	5	9.536423841059603	2.25	15.1	3
Erik Goeddel	0	0	2.5384615384615383	5.687732342007434	1.5934615384615385	26.900000000000002	13
Ernesto Frieri	0	0	1.25	5.7142857142857135	2.1875	6.3	4
Ervin Santana	0.64	0	6.68	3.3047210300429186	1.13288	209.7	25
Evan Marshall	0	0	1.3333333333333333	10	2.716666666666667	7.2	3
Evan Scribner	0	0	1.5	12.65625	2.1045	6.4	4
Fabio Castillo	0	0	2	16.363636363636363	3	1.1	1
Felipe Rivero	0.2	0.84	3.52	1.7771509167842028	0.89744	70.9	25
Felix Hernandez	0.46153846153846156	0	6	4.4575471698113205	1.459	84.8	13
Felix Jorge	0.5	0	2	11.25	2.3	7.2	2
Felix Pena	0.07142857142857142	0	2.642857142857143	5.504587155963303	1.7257142857142858	32.7	14
Fernando Abad	0.08333333333333333	0.041666666666666664	1.5416666666666667	3.6272040302267	1.569375	39.7	24
Fernando Rodney	0.2	1.56	2.6	4.474187380497132	1.79556	52.3	25
Fernando Salas	0.09090909090909091	0	2.5454545454545454	5.741088180112571	1.9128636363636364	53.300000000000004	22
Francis Martes	0.3125	0	4.3125	6.057692307692308	1.42125	52	16
Francisco Liriano	0.2608695652173913	0	3.6956521739130435	5.960912052117265	2.638478260869565	92.1	23
Francisco Rodriguez	0.18181818181818182	0.6363636363636364	2.090909090909091	8.608695652173914	1.795909090909091	23	11
Frankie Montas	0.08333333333333333	0	3	7.705479452054794	2.1170833333333334	29.2	12
Gabriel Moya	0	0.3333333333333333	1.6666666666666667	4.426229508196721	1.119	6.1	3
Gabriel Ynoa	0.2857142857142857	0	3.7142857142857144	4.298507462686567	1.7057142857142857	33.5	7
Garrett Richards	0	0	5.4	2.3773584905660377	1.0598	26.5	5
George Kontos	0.043478260869565216	0.043478260869565216	3.0434782608695654	3.5545023696682465	1.1594347826086957	63.3	23
German Marquez	0.5	0	6.681818181818182	4.46608040201005	1.4334090909090909	159.2	22
Gerrit Cole	0.48	0	7.84	4.300647088103534	1.31896	200.9	25
Gio Gonzalez	0.6	0	7.52	3.007594936708861	1.24052	197.5	25
Giovanny Gallegos	0	0	2.2	5.5	1.3667	18	10
Glen Perkins	0	0	0.2857142857142857	12	2.3214285714285716	4.5	7
Glenn Sparkman	0	0	1	63	10	1	1
Grant Dayton	0.07142857142857142	0	1.4285714285714286	5.545023696682463	2.0875714285714286	21.1	14
Greg Holland	0.12	1.64	2.8	3.812154696132597	1.36844	54.3	25
Greg Infante	0.1111111111111111	0	2.7222222222222223	3.42	1.2285555555555556	50	18
Hansel Robles	0.3888888888888889	0	3.3333333333333335	5.43859649122807	1.5202222222222221	51.300000000000004	18
Heath Hembree	0.08333333333333333	0	2.9166666666666665	3.892733564013841	1.5620833333333333	57.8	24
Hector Neris	0.16	1.04	3.44	3.1206657420249653	1.3692	72.1	25
Hector Rondon	0.16666666666666666	0	2.875	4.5335820895522385	1.2555416666666666	53.6	24
Hector Santiago	0.36363636363636365	0	4.636363636363637	5.764192139737991	1.5649090909090908	68.7	11
Hector Velazquez	0.5	0	3.1666666666666665	2.975206611570248	1.0813333333333333	24.2	6
Henderson Alvarez	0	0	2	4.436619718309859	1.719	14.2	3
Hernan Perez	0	0	0	0	2	1	1
Hisashi Iwakuma	0	0	3.2	4.455445544554456	1.4254	30.3	5
Hoby Milner	0	0	1.5714285714285714	2.2826086956521734	1.5350714285714286	27.6	14
Homer Bailey	0.42857142857142855	0	4.785714285714286	6.580427446569178	1.921142857142857	88.9	14
Hunter Cervenka	0	0	2	20.57142857142857	2.9546666666666668	3.5	3
Hunter Strickland	0.16	0.04	2.32	2.8125	1.45244	57.6	25
Hunter Wood	0	0	0	0	0	0.1	1
Huston Street	0	0	1.5	0	0.5	4	2
Hyun-Jin Ryu	0.22727272727272727	0.045454545454545456	5.2727272727272725	3.8436744560838036	1.5212272727272727	124.1	22
Ian Kennedy	0.21739130434782608	0	5.695652173913044	5.501661129568106	1.5052173913043478	150.5	23
Ian Krol	0.09523809523809523	0	2.0952380952380953	5.825892857142857	1.611904761904762	44.800000000000004	21
Ivan Nova	0.44	0	5.24	4.186046511627907	1.40692	184.9	25
J.A. Happ	0.5263157894736842	0	7.473684210526316	3.605059732958538	1.3143684210526316	142.3	19
J.C. Ramirez	0.5789473684210527	0	5.526315789473684	4.241164241164241	1.3787894736842106	144.3	19
J.D. Davis	0	0	1.5	0	1.5	1.2	2
J.J. Hoover	0.15	0	2.7	4.308510638297872	2.2482	37.6	20
J.P. Howell	0.1111111111111111	0	0.6666666666666666	8.4375	2.9814444444444446	9.6	9
Jace Fry	0	0	0.75	13.090909090909092	5.45625	5.5	4
Jack Flaherty	0	0	4	6.398104265402843	1.6404	21.1	5
Jack Leathersich	0	0	1.75	5	2.55	3.6	4
Jackson Stephens	0.4	0	4.2	4.814814814814815	1.0902	24.3	5
Jacob Barnes	0.12	0.08	3.2	4.292101341281669	1.50244	67.1	25
Jacob deGrom	0.625	0	9.958333333333334	3.585476550680786	1.309875	198.3	24
Jacob Rhame	0.2	0	1.4	9.759036144578312	2.65	8.3	5
Jacob Turner	0.2	0	2.3	5.365853658536586	1.5295	36.9	10
Jaime Garcia	0.22727272727272727	0	5.863636363636363	4.508783344176969	1.5106363636363636	153.7	22
Jairo Diaz	0	0	0.6666666666666666	9	4.111	5	3
Jairo Labourt	0	0	1	4.5	1.875	6	4
Jake Arrieta	0.5833333333333334	0	6.791666666666667	3.624161073825503	1.2973333333333332	163.9	24
Jake Barrett	0.09090909090909091	0	2.3636363636363638	5.421686746987953	1.6728181818181818	24.9	11
Jake Buchanan	0	0	1.3333333333333333	8.297872340425531	2.513333333333333	14.1	3
Jake Diekman	0	0.2	2.6	2.6470588235294117	1.36	10.2	5
Jake Esch	0	0	0	NaN	0	0	1
Jake Faria	0.38461538461538464	0	6.461538461538462	3.5023584905660377	1.133	84.8	13
Jake McGee	0	0.125	2.4166666666666665	4.019417475728155	1.1400416666666666	51.5	24
Jake Odorizzi	0.47619047619047616	0	6.0476190476190474	4.255014326647564	1.351952380952381	139.6	21
Jake Petricka	0.08333333333333333	0	2.1666666666666665	7.563025210084033	2.085	23.8	12
Jake Thompson	0.3	0	3.5	3.9045553145336225	1.6342	46.1	10
Jakob Junis	0.5625	0	5	4.471458773784355	1.34125	94.6	16
James Hoyt	0.047619047619047616	0	3.142857142857143	4.665226781857452	1.4162380952380953	46.3	21
James Paxton	0.6666666666666666	0	8.666666666666666	3.040540540540541	1.4112222222222222	133.2	18
James Pazos	0.16	0	2.6	4.224489795918368	1.86124	49	25
James Shields	0.29411764705882354	0	6.0588235294117645	5.359019264448337	1.5592941176470587	114.2	17
Jameson Taillon	0.42105263157894735	0	6.578947368421052	4.483018867924528	1.5488947368421053	132.5	19
Jamie Callahan	0	0	1	5.625	1.84	4.8	5
Jandel Gustave	0	0	0.6666666666666666	6.279069767441861	2.362	4.3	3
Jared Hughes	0.2	0.04	1.92	3.272727272727273	1.37908	55	25
Jarlin Garcia	0.043478260869565216	0	1.826086956521739	5.3052631578947365	1.369304347826087	47.5	23
Jarred Cosart	0	0	2.5	5.176991150442478	2.4859999999999998	22.6	6
Jason Grilli	0.09523809523809523	0.047619047619047616	2.2857142857142856	6.904109589041095	1.6898095238095239	36.5	21
Jason Gurka	0	0	0	0	1.5	0.2	2
Jason Hammel	0.32	0	5.8	5.380710659898477	1.51828	177.3	25
Jason Hursh	0.2	0	1.4	5.294117647058823	1.5932	10.2	5
Jason Motte	0.05263157894736842	0	1.4210526315789473	3.8502673796791442	1.3952631578947368	37.4	19
Jason Vargas	0.72	0	5.36	4.217955957086392	1.35328	177.1	25
Jason Wheeler	0	0	0	9	3.333	3	1
Javy Guerra	0.16666666666666666	0	2	3.214285714285714	1.5515	19.6	6
Jayson Aquino	0.3333333333333333	0	4.333333333333333	7.557251908396947	1.9793333333333334	13.1	3
Jean Machi	0.5	0	2	1.25	1.409	7.2	2
Jeanmar Gomez	0.3333333333333333	0.2222222222222222	2.3333333333333335	7.570093457943926	1.825888888888889	21.4	9
Jeff Beliveau	0.16666666666666666	0	2.8333333333333335	8.068965517241379	2.1773333333333333	14.5	6
Jeff Ferrell	0	0	0.8571428571428571	7.499999999999999	2.333285714285714	8.4	7
Jeff Hoffman	0.35294117647058826	0	4.823529411764706	6.030927835051546	1.8037058823529413	97	17
Jeff Locke	0	0	4.333333333333333	8.529411764705882	2.1521666666666666	30.6	6
Jeff Samardzija	0.36	0	8.2	4.49119373776908	1.2274	204.4	25
Jen-Ho Tseng	0.5	0	4	7.5	1.1665	6	2
Jerad Eickhoff	0.21052631578947367	0	6.2105263157894735	4.8433734939759034	1.7118947368421054	124.5	19
Jered Weaver	0	0	3.2857142857142856	7.608695652173913	2.7398571428571428	41.4	7
Jeremy Guthrie	0	0	0	450	15	0.2	1
Jeremy Hellickson	0.34782608695652173	0	4.173913043478261	5.503397158739962	1.3479999999999999	161.9	23
Jeremy Jeffress	0.20833333333333334	0	2.125	5.142857142857142	1.9528333333333334	59.5	24
Jerry Blevins	0.24	0.04	2.76	3.317972350230415	1.76056	43.4	25
Jesen Therrien	0	0	1.4285714285714286	8.793103448275863	1.805	17.4	7
Jesse Chavez	0.28	0	4.76	5.544703230653644	1.48808	133.1	25
Jesse Hahn	0.25	0	4.583333333333333	5.332369942196531	2.0686666666666667	69.2	12
Jesus Sucre	0	0	0	27	4	1	1
Jeurys Familia	0.2	0.6	2.5	4.7368421052631575	1.7178	22.8	10
Jhan Marinez	0	0	2.5	3.9059674502712483	1.6387222222222222	55.3	18
Jharel Cotton	0.42857142857142855	0	5	5.7052297939778125	1.5078095238095237	126.2	21
Jhoulys Chacin	0.52	0	6.12	3.9283715724678236	1.3304799999999999	178.7	25
Jim Johnson	0.25	0.9166666666666666	2.5416666666666665	5.898876404494382	1.7202916666666668	53.4	24
Jimmie Sherfy	0.3333333333333333	0.16666666666666666	1.5	0	0.45233333333333337	9.5	6
Jimmy Nelson	0.5454545454545454	0	9.045454545454545	3.5519442832269297	1.2865454545454544	172.3	22
Jimmy Yacabonis	0.25	0	1	4.615384615384615	1.71825	19.5	8
Joakim Soria	0.18181818181818182	0.045454545454545456	2.909090909090909	3.791208791208791	1.9083636363636363	54.6	22
Joaquin Benoit	0.047619047619047616	0.09523809523809523	2.1904761904761907	4.875	1.476	48	21
Joe Biagini	0.13043478260869565	0.043478260869565216	4.217391304347826	5.556521739130435	1.9703478260869565	115	23
Joe Blanton	0.09090909090909091	0	1.7727272727272727	6.206896551724137	1.6268636363636364	40.6	22
Joe Jimenez	0	0	1.4166666666666667	14.444444444444445	2.9270833333333335	16.2	12
Joe Kelly	0.18181818181818182	0	2.3636363636363638	3.133462282398453	1.2321363636363636	51.7	22
Joe Musgrove	0.3181818181818182	0.09090909090909091	4.454545454545454	4.943181818181818	1.2642727272727272	105.6	22
Joe Ross	0.5555555555555556	0	7.555555555555555	5.139275766016714	1.5156666666666667	71.8	9
Joe Smith	0.13636363636363635	0.045454545454545456	3.227272727272727	3.5643564356435644	1.1856363636363636	50.5	22
Joely Rodriguez	0.1	0	1.8	7.0661157024793395	2.9729	24.2	10
John Axford	0	0	2.1	6.887755102040816	1.9948	19.6	10
John Brebbia	0	0	2.8333333333333335	2.6415094339622645	0.9335555555555556	47.7	18
John Curtiss	0	0	2	9.6	1.75	7.5	5
John Gant	0	0	1.8333333333333333	4.7368421052631575	1.3333333333333333	17.1	6
John Lackey	0.48	0	5.96	4.619469026548673	1.28588	169.5	25
Johnny Barbato	0	0	2.090909090909091	4.365671641791045	1.4430909090909092	26.8	11
Johnny Cueto	0.4	0	6.8	4.5710363761153054	1.5832	145.7	20
Jon Gray	0.6666666666666666	0	7.466666666666667	3.7190082644628095	1.3070666666666666	108.9	15
Jon Jay	0	0	0	0	1	1	1
Jon Lester	0.5416666666666666	0	7.5	4.413754227733935	1.595625	177.4	24
Jonathan Broxton	0	0	1.7777777777777777	7.826086956521739	2.1944444444444446	13.8	9
Jonathan Holder	0.058823529411764705	0	2.3529411764705883	4.297752808988764	1.675529411764706	35.6	17
Jordan Jankowski	0.3333333333333333	0	1.6666666666666667	13.170731707317074	1.857	4.1	3
Jordan Lyles	0.047619047619047616	0	2.619047619047619	8.132530120481928	1.526857142857143	66.4	21
Jordan Montgomery	0.4090909090909091	0	6.545454545454546	3.9775725593667546	1.2455	151.6	22
Jordan Zimmermann	0.34782608695652173	0	4.478260869565218	6.183206106870229	1.5688695652173914	157.2	23
Jorge De La Rosa	0.12	0	1.8	4.53781512605042	1.46344	47.6	25
Jorge Lopez	0	0	0	4.5	2.5	2	1
Jose Alvarado	0	0	2.0714285714285716	4.090909090909091	1.2742142857142857	26.400000000000002	14
Jose Alvarez	0	0.045454545454545456	2.0454545454545454	4.1629955947136565	1.5744545454545456	45.4	22
Jose Berrios	0.7	0	6.95	3.981741573033708	1.2719	142.4	20
Jose De Leon	1	0	2	12.272727272727272	2.625	2.2	1
Jose Leclerc	0.09523809523809523	0.09523809523809523	2.857142857142857	4.444444444444445	1.2434285714285713	40.5	21
Jose Quintana	0.44	0	8.28	4.239306984298864	1.34244	184.7	25
Jose Ramirez	0.08	0	2.24	3.42560553633218	1.593	57.8	25
Jose Ruiz	0	0	1	0	1	1	1
Jose Torres	0.28	0.04	2.52	4.556962025316455	1.61436	63.2	25
Jose Urena	0.56	0	4.52	3.8617401668653155	1.29084	167.8	25
Jose Valdez	0	0	1.8888888888888888	9.216867469879517	1.6195555555555556	16.6	9
Josh Collmenter	0	0	2.5714285714285716	9	2.345142857142857	17	7
Josh Edgin	0	0.0625	1.6875	3.868194842406877	1.7506875	34.9	16
Josh Fields	0.21739130434782608	0.08695652173913043	2.608695652173913	3.195266272189349	1.0432173913043479	50.7	23
Josh Hader	0.125	0	4.25	2.22972972972973	1.095125	44.4	16
Josh Lindblom	0	0	3.3333333333333335	8.617021276595745	1.2113333333333334	9.4	3
Josh Lucas	0	0	1.75	3.802816901408451	1.83325	7.1	4
Josh Osich	0.14285714285714285	0	2.0476190476190474	7.0680628272251305	1.8406190476190476	38.2	21
Josh Ravin	0	0.14285714285714285	2.7142857142857144	6.967741935483871	1.149	15.5	7
Josh Smith	0.15384615384615385	0	1.9230769230769231	4.985422740524782	1.5947692307692307	34.3	13
Josh Smoker	0.05	0	3.4	5.475285171102661	1.79585	52.6	20
Josh Tomlin	0.47619047619047616	0	5.190476190476191	5.131578947368421	1.5771904761904763	136.8	21
Juan Minaya	0.17647058823529413	0.5294117647058824	3	4.817518248175182	1.5605882352941176	41.1	17
Juan Nicasio	0.2	0.24	2.88	2.8125	1.18784	67.2	25
Julio Teheran	0.44	0	6.04	4.548387096774194	1.42796	186	25
Julio Urias	0	0	2.75	5.625	2.09075	22.4	4
Jumbo Diaz	0.07142857142857142	0	2	6.129032258064516	1.6579285714285714	27.9	14
Junichi Tazawa	0.14285714285714285	0	1.8095238095238095	5.921052631578947	1.972047619047619	53.2	21
Junior Guerra	0.06666666666666667	0	4.466666666666667	5.294117647058823	1.3229333333333333	68	15
Justin Grimm	0.05	0.05	2.95	5.930232558139535	1.36265	51.6	20
Justin Haley	0	0.16666666666666666	2.3333333333333335	6.506024096385541	3.7065	16.6	6
Justin Marks	0	0	1	8.181818181818182	2.25	1.1	1
Justin Nicolino	0.15384615384615385	0	2	5.294117647058823	2.423076923076923	45.9	13
Justin Verlander	0.6	0	8.76	3.3987248651299655	1.20268	203.9	25
Justin Wilson	0.16	0.52	3.2	3.6802973977695164	1.57772	53.800000000000004	25
Kelvin Herrera	0.12	1.04	2.24	4.3674176776429805	1.472	57.7	25
Ken Giles	0.04	1.36	3.32	2.3684210526315788	1.07064	60.8	25
Kendall Graveman	0.4	0	4.666666666666667	4.224137931034482	1.5806666666666667	104.4	15
Kenley Jansen	0.2	1.64	4.36	1.3931888544891642	0.7218	64.6	25
Kenta Maeda	0.5416666666666666	0.041666666666666664	5.833333333333333	4.250374812593703	1.1905416666666666	133.4	24
Keone Kela	0.23529411764705882	0.11764705882352941	3	2.9347826086956523	1.0598235294117646	36.8	17
Keury Mella	0	0	0.5	6.75	1.75	4	2
Kevin Gausman	0.44	0	7.16	4.760087241003271	1.54508	183.4	25
Kevin McCarthy	0.06666666666666667	0	1.8	3.3566433566433567	1.4312	42.9	15
Kevin McGowan	0	0	1.6	6	1.7928	7.5	5
Kevin Plawecki	0	0	0	12	1.5	3	2
Kevin Quackenbush	0	0	2.3	8.149606299212598	1.8077999999999999	25.4	10
Kevin Shackelford	0	0	3.4545454545454546	5	1.3924545454545454	28.8	11
Kevin Siegrist	0.05555555555555555	0.05555555555555555	2.388888888888889	5.108108108108108	1.912388888888889	37	18
Keynan Middleton	0.2857142857142857	0.14285714285714285	3	4.06871609403255	1.3872857142857142	55.3	21
Kirby Yates	0.17391304347826086	0.043478260869565216	3.8260869565217392	4.326923076923077	1.3666521739130435	52	23
Koda Glover	0	0.8888888888888888	1.8888888888888888	5.593220338983051	1.344	17.7	9
Koji Uehara	0.14285714285714285	0.09523809523809523	2.380952380952381	4.180929095354523	1.3044285714285715	40.9	21
Kyle Barraclough	0.2608695652173913	0.043478260869565216	3.3043478260869565	3.132911392405063	1.5030000000000001	63.2	23
Kyle Crick	0	0	2.1538461538461537	3.3	1.1756153846153845	30	13
Kyle Crockett	0	0	0.6666666666666666	15	3.6666666666666665	1.2	3
Kyle Freeland	0.4583333333333333	0	4.458333333333333	4.190163934426229	1.8155416666666666	152.5	24
Kyle Gibson	0.5454545454545454	0	5.5	5.208062418725617	1.568	153.8	22
Kyle Hendricks	0.3684210526315789	0	6.473684210526316	3.085339168490153	1.216157894736842	137.1	19
Kyle Kendrick	0	0	1.5	13.333333333333334	2.519	8.1	2
Kyle Lloyd	0	0	2	9	2	4	1
Kyle Martin	0	0	1	4.285714285714286	1.714	2.1	1
Kyle McGrath	0	0	1.7777777777777777	3.068181818181818	1.087	17.6	9
Kyle Ryan	0	0	0.25	8.653846153846153	3.375	5.2	4
Lance Lynn	0.44	0	6.12	3.4728260869565215	1.68304	184	25
Lance McCullers	0.3888888888888889	0	7.333333333333333	4.34108527131783	1.4093333333333333	116.1	18
Leonel Campos	0	0	1.6666666666666667	2.88	1.257111111111111	12.5	9
Leonys Martin	0	0	0	90	4.5	0.2	1
Liam Hendriks	0.16	0.04	3.12	4.7368421052631575	1.325	57	25
Lisalverto Bonilla	0.1111111111111111	0	3.111111111111111	8.366197183098592	1.8116666666666668	35.5	9
Logan Verrett	0.5	0	2.25	4.411764705882353	1.25	10.2	4
Lucas Giolito	0.6	0	6.8	2.4324324324324325	0.9726	44.4	5
Lucas Harrell	0	0	2	8.333333333333332	2.1833333333333336	5.4	3
Lucas Sims	0.3333333333333333	0	4.888888888888889	5.734513274336283	1.4454444444444445	56.5	9
Luis Avilan	0.08695652173913043	0	2.260869565217391	3.125	1.995086956521739	43.2	23
Luis Castillo	0.2727272727272727	0	8.909090909090908	3.1561085972850678	1.1255454545454546	88.4	11
Luis Cessa	0	0	3.75	5.04424778761062	1.512	33.9	8
Luis Garcia	0.09090909090909091	0.09090909090909091	2.727272727272727	2.8854961832061066	1.3293181818181818	65.5	22
Luis Perdomo	0.34782608695652173	0	5.130434782608695	4.722222222222222	1.5092608695652174	162	23
Luis Santos	0	0.2	3.2	2.903225806451613	1.225	15.5	5
Luis Sardinas	0	0	0	0	1	1	1
Luis Severino	0.56	0	9.2	3.0267997898055703	1.17872	190.29999999999998	25
Luiz Gohara	0.25	0	7.75	4.948453608247422	1.42075	29.1	4
Luke Farrell	0	0	1.5	5.853658536585366	1.625	12.3	6
Luke Gregerson	0.08	0.04	2.8	4.793814432989691	1.47612	58.2	25
Luke Jackson	0.10526315789473684	0	1.736842105263158	4.936708860759493	1.4976842105263157	47.4	19
Luke Weaver	0.7	0	7.2	3.986371379897785	1.2531	58.7	10
Madison Bumgarner	0.3076923076923077	0	7.769230769230769	3.345421577515866	1.1344615384615384	110.3	13
Marc Rzepczynski	0.08	0.04	1	5.080645161290322	2.62536	24.8	25
Marco Estrada	0.4	0	7.04	5.079452054794521	1.59344	182.5	25
Marco Gonzales	0.1111111111111111	0	3.5555555555555554	6.295336787564766	1.732888888888889	38.6	9
Marcus Stroman	0.52	0	6.56	3.166751657317695	1.40172	196.1	25
Mark Leiter	0.15789473684210525	0	4.421052631578948	5.10783200908059	1.518842105263158	88.1	19
Mark Melancon	0.058823529411764705	0.6470588235294118	1.7058823529411764	4.838709677419356	2.007823529411765	27.9	17
Martin Perez	0.5416666666666666	0	4.791666666666667	4.928097345132743	1.56625	180.8	24
Masahiro Tanaka	0.5416666666666666	0	8.083333333333334	4.845360824742268	1.359125	174.6	24
Mat Latos	0	0	3.3333333333333335	6.6	1.9056666666666666	15	3
Matt Albers	0.2916666666666667	0.08333333333333333	2.625	1.7429577464788735	1.0579166666666666	56.8	24
Matt Andriese	0.3333333333333333	0.06666666666666667	5.066666666666666	4.574468085106384	1.711	84.6	15
Matt Barnes	0.28	0.04	3.32	4.199066874027993	1.32752	64.3	25
Matt Belisle	0.08	0.36	2.16	4.293286219081272	1.14424	56.6	25
Matt Boyd	0.3	0	5.5	5.435779816513762	1.76955	130.8	20
Matt Bush	0.13636363636363635	0.45454545454545453	2.6363636363636362	4.133611691022964	1.4342272727272727	47.9	22
Matt Cain	0.13636363636363635	0	3.409090909090909	5.501222493887531	1.8410454545454547	122.7	22
Matt Dermody	0.2	0	1.5	4.782608695652174	3.0885	20.7	10
Matt Garza	0.3157894736842105	0	4.157894736842105	5.121951219512195	1.4402105263157894	110.7	19
Matt Grace	0.05263157894736842	0.10526315789473684	1.631578947368421	4.576271186440678	1.566421052631579	47.2	19
Matt Harvey	0.3125	0	4.1875	6.8392070484581495	1.8970625	90.8	16
Matt Koch	0	0	0	Inf	0	0	1
Matt Moore	0.24	0	5.92	5.644783118405627	1.89492	170.6	25
Matt Shoemaker	0.5454545454545454	0	6.2727272727272725	4.588235294117647	1.3550909090909091	76.5	11
Matt Strahm	0.16666666666666666	0	3.0833333333333335	5.887850467289719	1.7569166666666667	32.1	12
Matt Wisler	0	0	1.8333333333333333	8.598726114649681	1.93475	31.4	12
Matthew Bowman	0.12	0.08	1.84	4.508670520231214	1.58536	51.9	25
Max Fried	0.16666666666666666	0	3.6666666666666665	4.024390243902439	1.4516666666666667	24.6	6
Max Povse	0	0	0.6666666666666666	8.4375	3.3333333333333335	3.2	3
Max Scherzer	0.6956521739130435	0	11.652173913043478	2.5352112676056335	0.9013043478260869	198.8	23
Michael Blazek	0	0	2.3333333333333335	8.78048780487805	1.7383333333333333	8.2	3
Michael Brady	0	0	2.1818181818181817	5.76923076923077	1.3587272727272728	31.2	11
Michael Feliz	0.21052631578947367	0	3.6842105263157894	6.164383561643835	1.6467894736842106	43.800000000000004	19
Michael Fulmer	0.5	0	5.7	3.8697788697788695	1.18735	162.8	20
Michael Lorenzen	0.32	0.08	3.2	4.6415094339622645	1.40852	79.5	25
Michael Martinez	0	0	0	0	1	1	1
Michael Pineda	0.5714285714285714	0	6.571428571428571	4.5	1.4833571428571428	94	14
Michael Tonkin	0	0	2.6666666666666665	6.171428571428572	2.257888888888889	17.5	9
Michael Wacha	0.5	0	6.583333333333333	4.175824175824175	1.5246666666666666	163.8	24
Michael Ynoa	0.09090909090909091	0	2.090909090909091	6.356877323420074	2.8283636363636364	26.900000000000002	11
Miguel Almonte	0	0	0	13.5	3.5	2	2
Miguel Castro	0.1875	0	2.375	3.7380191693290734	1.3879375	62.6	16
Miguel Diaz	0.0625	0	2.0625	7.968750000000001	2.334375	38.4	16
Miguel Gonzalez	0.36363636363636365	0	4.545454545454546	4.721311475409836	1.6231818181818183	152.5	22
Miguel Montero	0	0	0	0	2	1	1
Miguel Socolovich	0	0.125	1.75	9.257142857142856	1.734375	17.5	8
Mike Bolsinger	0	0	4.875	6.574307304785894	4.05375	39.7	8
Mike Clevinger	0.5714285714285714	0	6.523809523809524	3.1925675675675675	1.3732857142857142	118.4	21
Mike Dunn	0.20833333333333334	0	2.375	5.136986301369864	1.8299583333333334	43.8	24
Mike Fiers	0.34782608695652173	0	6.3478260869565215	5.3293413173652695	1.6055652173913044	150.3	23
Mike Foltynewicz	0.43478260869565216	0	6.217391304347826	4.880952380952381	1.6230434782608696	151.2	23
Mike Freeman	0	0	0	9	3	1	1
Mike Hauschild	0	0	2.3333333333333335	12.32876712328767	2.012	7.300000000000001	3
Mike Leake	0.4166666666666667	0	5.416666666666667	3.964110929853181	1.396125	183.9	24
Mike Mayers	0	0	1.5	12.857142857142858	4.625	4.2	2
Mike Minor	0.24	0.24	3.52	2.661290322580645	1.0378	74.4	25
Mike Montgomery	0.2916666666666667	0.125	4.166666666666667	3.5	1.3290833333333334	126	24
Mike Morin	0	0	1.4545454545454546	8.044692737430168	1.702909090909091	17.900000000000002	11
Mike Pelfrey	0.13043478260869565	0	3.4347826086956523	6.253298153034301	1.6519565217391303	113.7	23
Mike Wright	0	0	3.5	6.101694915254237	1.305875	23.6	8
Mitch Moreland	0	0	1	0	2	1	1
Mychal Givens	0.32	0	3.52	2.9189189189189193	1.1136	74	25
Myles Jaye	0.25	0	1	13.304347826086955	2.2715	11.5	4
Nate Jones	0.25	0	3.75	2.4107142857142856	1.29175	11.2	4
Nate Karns	0.2857142857142857	0	7.285714285714286	4.256756756756757	1.192	44.4	7
Neftali Feliz	0.1111111111111111	0.4444444444444444	2.0555555555555554	5.562913907284768	1.4511666666666667	45.3	18
Neil Ramirez	0	0	3.3846153846153846	8.152173913043477	2.3804615384615384	27.6	13
Nick Gardewine	0	0	0.5	6.818181818181818	3.035833333333333	6.6000000000000005	6
Nick Goody	0.041666666666666664	0	3	3.0177514792899407	1.1440833333333333	50.7	24
Nick Martinez	0.16666666666666666	0	3.7222222222222223	5.779816513761468	1.4664444444444444	109	18
Nick Pivetta	0.4	0	7	6.152073732718895	1.55225	130.2	20
Nick Tepesch	0.3333333333333333	0	3	5.586206896551725	2.6096666666666666	14.499999999999998	3
Nick Vincent	0.12	0	2	3.4907251264755477	1.24156	59.300000000000004	25
Nick Wittgren	0.21428571428571427	0	3.0714285714285716	5.038167938931298	1.6992142857142858	39.3	14
Nik Turley	0	0	1.4444444444444444	13.112582781456954	2.6504444444444446	15.1	9
Noah Syndergaard	0.16666666666666666	0	5.666666666666667	2.990033222591362	1.5865	30.1	6
Noe Ramirez	0	0	2	2.926829268292683	0.9047142857142857	12.3	7
Nori Aoki	0	0	0	27	3	1	1
Odrisamer Despaigne	0.16666666666666666	0.08333333333333333	2.5833333333333335	4.178571428571429	2.0335	56	12
Oliver Drake	0.125	0.041666666666666664	2.5833333333333335	4.9714285714285715	1.7065833333333333	52.5	24
Oliver Perez	0	0.041666666666666664	1.625	5.444839857651245	1.7937916666666667	28.1	24
Onelki Garcia	0	0	1	15.283018867924529	8.559	5.3	2
Paolo Espino	0	0	2.5	6.371681415929204	1.0065	22.6	8
Parker Bridwell	0.625	0	4.5625	3.708999158957107	1.3496875	118.89999999999999	16
Pat Neshek	0.2	0.04	2.76	1.7741935483870965	0.93808	55.800000000000004	25
Patrick Corbin	0.56	0	7.12	4.135135135135135	1.49536	185	25
Paul Blackburn	0.375	0	2.75	3.2869565217391306	1.3327499999999999	57.5	8
Paul Sewald	0	0	3.1363636363636362	4.876847290640394	1.7200454545454544	60.9	22
Pedro Baez	0.125	0	2.6666666666666665	3.197969543147208	1.4697916666666666	59.1	24
Pedro Beato	0	0	1	0	0	0.2	1
Pedro Strop	0.2	0	2.6	3.0590339892665472	1.57008	55.9	25
Peter Moylan	0	0	1.84	3.920454545454545	1.38936	52.800000000000004	25
Phil Hughes	0.4	0	3.8	6.164383561643835	1.7805	51.1	10
Phil Maton	0.1875	0.0625	2.875	4.477611940298507	1.4523125	40.2	16
Pierce Johnson	0	0	2	0	3	1	1
Preston Claiborne	0	0	2	13.5	2.5	2	1
R.A. Dickey	0.4	0	5.44	4.310803618946248	1.38648	187.9	25
Rafael Montero	0.22727272727272727	0	5.181818181818182	5.829636202307009	2.3930454545454545	112.7	22
Raisel Iglesias	0.12	1.12	3.68	2.6323119777158777	1.15612	71.8	25
Randall Delgado	0.06666666666666667	0.06666666666666667	4	3.7006578947368425	1.6986666666666668	60.8	15
Randy Rosario	0	0	1	34.285714285714285	6.75	2.1	2
Raul Alcantara	0.14285714285714285	0	1.7142857142857142	7.339055793991417	1.5842857142857143	23.299999999999997	7
Rex Brothers	0.3333333333333333	0	2.75	8.104265402843602	1.7265833333333334	21.1	12
Reyes Moronta	0	0	2.75	2.903225806451613	1.2	6.2	4
Reymin Guduan	0	0	1.3333333333333333	9.06474820143885	2.59375	13.9	12
Reynaldo Lopez	0.42857142857142855	0	4.285714285714286	4.766949152542372	1.3532857142857142	47.2	7
Ricardo Pinto	0.07692307692307693	0	1.9230769230769231	8.417266187050359	2.1985384615384613	27.8	13
Ricardo Rodriguez	0	0.14285714285714285	1.5714285714285714	6.982758620689655	1.4274285714285715	11.6	7
Rich Hill	0.5714285714285714	0	7.904761904761905	3.3457249070631967	1.258	134.5	21
Richard Bleier	0.09523809523809523	0	1.2380952380952381	2.1649484536082473	1.2647619047619048	58.2	21
Richard Rodriguez	0	0	1	15.576923076923075	2.75	5.2	3
Rick Porcello	0.44	0	7.24	4.734468937875752	1.45744	199.6	25
Ricky Nolasco	0.24	0	5.72	5.059625212947189	1.65404	176.1	25
Rob Brantly	0	0	0	9	1	1	1
Rob Scahill	0.1111111111111111	0	1.1111111111111112	4.782608695652174	1.4726666666666666	20.7	9
Rob Zastryzny	0	0	3.6666666666666665	8.307692307692308	2.0833333333333335	13	3
Robbie Ray	0.6818181818181818	0	9.909090909090908	2.978994271164863	1.2003181818181818	157.1	22
Robbie Ross	0	0	1.8	8.289473684210527	1.4734	7.6	5
Robby Scott	0.08695652173913043	0	1.3478260869565217	4.5608108108108105	1.014	29.6	23
Robert Gsellman	0.42105263157894735	0	4.315789473684211	5.271646859083192	1.616421052631579	117.8	19
Robert Stephenson	0.2631578947368421	0.05263157894736842	4.526315789473684	4.864864864864864	2.1232105263157894	81.4	19
Robert Whalen	0	0	1	6.338028169014085	0.844	7.1	2
Roberto Gomez	0	0	2	8.823529411764707	1.5236666666666667	5.1	3
Roberto Osuna	0.125	1.625	3.4583333333333335	3.4894991922455576	0.9114166666666667	61.9	24
Roenis Elias	0	0	1	0	3	0.1	1
Ronald Herrera	0	0	1.5	6	1.25	3	2
Rookie Davis	0.14285714285714285	0	2.857142857142857	8.88412017167382	2.3154285714285714	23.3	7
Ross Stripling	0.125	0.08333333333333333	3.0833333333333335	3.9518413597733715	1.3574583333333334	70.6	24
Rubby De La Rosa	0	0	2.4	5.538461538461538	1.33	6.5	5
Ryan Buchter	0.16	0.04	2.6	3.1034482758620694	1.1354	60.9	25
Ryan Dull	0.11764705882352941	0	2.6470588235294117	5.6103896103896105	1.6343529411764706	38.5	17
Ryan Garton	0	0	1.6	5.427135678391959	1.2787	19.900000000000002	10
Ryan Madson	0.21739130434782608	0.08695652173913043	2.9130434782608696	1.970802919708029	0.813695652173913	54.800000000000004	23
Ryan Merritt	0.4	0	1.4	1.846153846153846	1.4344	19.5	5
Ryan Pressly	0.08695652173913043	0	2.652173913043478	5.061511423550089	1.9008260869565217	56.9	23
Ryan Sherriff	0.3333333333333333	0	2.5	3.3582089552238803	1.4458333333333333	13.4	6
Ryan Tepera	0.28	0.08	3.24	3.896648044692737	1.24668	71.60000000000001	25
Ryan Weber	0	0	0	2.8125	0.818	3.2	1
Ryne Stanek	0	0	2.4166666666666665	6.536312849162011	2.1443333333333334	17.900000000000002	12
Sal Romano	0.38461538461538464	0	5.615384615384615	4.521028037383178	1.5604615384615386	85.6	13
Sam Dyson	0.16666666666666666	0.5833333333333334	1.4166666666666667	6.391554702495201	1.9727916666666667	52.1	24
Sam Freeman	0.09523809523809523	0	2.8095238095238093	2.6748251748251746	1.278857142857143	57.2	21
Sam Gaviglio	0.2857142857142857	0	3.5	4.4141689373297	1.4436428571428572	73.4	14
Sam Moll	0	0	1.75	13.090909090909092	4.0455	5.5	4
Sam Tuivailala	0.16666666666666666	0	1.8888888888888888	2.5653206650831355	0.9851666666666666	42.1	18
Sammy Solis	0.06666666666666667	0.06666666666666667	1.8666666666666667	6.594827586206897	1.3890666666666667	23.2	15
Sandy Alcantara	0	0	2.5	4.864864864864864	2.11375	7.4	4
Santiago Casilla	0.16	0.64	2.28	4.428822495606327	1.6322	56.9	25
Scooter Gennett	0	0	0	18	3	1	1
Scott Alexander	0.25	0.2	2.95	2.667706708268331	1.41695	64.1	20
Scott Feldman	0.4117647058823529	0	5.470588235294118	4.840474020054694	1.7582352941176471	109.7	17
Scott Oberg	0	0	2.391304347826087	5.142857142857142	1.9190434782608696	56	23
Sean Doolittle	0.1	1.2	3.1	2.9387755102040813	0.8821	49	20
Sean Gilmartin	0	0	2	18.749999999999996	2.25	2.4000000000000004	2
Sean Manaea	0.5454545454545454	0	6.363636363636363	4.439461883408072	2.275272727272727	156.1	22
Sean Newcomb	0.25	0	6.75	4.412665985699693	1.5584375	97.9	16
Sergio Romo	0.13636363636363635	0	2.6818181818181817	3.882352941176471	1.2047272727272726	51	22
Seth Frankoff	0	0	2	9	2	2	1
Seth Lugo	0.4666666666666667	0	5.666666666666667	4.818181818181818	1.4780666666666666	99	15
Seth Maness	0.25	0	1	3.91304347826087	1.9205	9.2	4
Seung-hwan Oh	0.043478260869565216	0.8695652173913043	2.347826086956522	4.316163410301954	1.647913043478261	56.300000000000004	23
Shae Simmons	0	0	1.6	7.499999999999999	1.32	7.2	5
Shane Carle	0	0	1.3333333333333333	6.75	1.1666666666666667	4	3
Shane Greene	0.16	0.36	2.92	2.8571428571428568	1.23552	63	25
Shawn Armstrong	0.08333333333333333	0	1.6666666666666667	4.7368421052631575	1.5255833333333333	22.8	12
Shawn Kelley	0.1875	0.25	1.5625	8.14655172413793	1.799125	23.2	16
Shelby Miller	0.6666666666666666	0	6.666666666666667	4.225352112676057	1.504	21.299999999999997	3
Silvino Bracho	0	0	2.0833333333333335	6.223404255319148	0.8585833333333334	18.8	12
Simon Castro	0.09090909090909091	0	3.1818181818181817	4.7368421052631575	1.3948181818181817	34.2	11
Sonny Gray	0.47619047619047616	0	7.285714285714286	3.5955056179775284	1.217142857142857	160.2	21
Stefan Crichton	0	0	1.1428571428571428	9.9	2.7	10	7
Stephen Strasburg	0.6818181818181818	0	9.272727272727273	2.5388601036269436	1.0446363636363636	173.7	22
Steve Cishek	0.15789473684210525	0.05263157894736842	2.1578947368421053	2.173913043478261	0.8815263157894737	41.4	19
Steven Brault	0.1111111111111111	0.1111111111111111	2.5555555555555554	4.7368421052631575	1.8083333333333333	34.2	9
Steven Matz	0.2	0	4.8	6.183206106870229	1.7042	65.5	10
Steven Okert	0.0625	0	1.375	6.7105263157894735	1.5455	22.8	16
Steven Wright	0.25	0	3.25	8.761061946902656	2.68225	22.599999999999998	4
T.J. House	0	0	1	4.5	2	2	1
T.J. McFarland	0.19047619047619047	0	1.380952380952381	5.783132530120482	1.5766666666666667	49.8	21
Taijuan Walker	0.4090909090909091	0	6.636363636363637	3.541935483870968	1.3641818181818182	155	22
Tanner Roark	0.52	0	6.64	4.744812114413909	1.47396	178.3	25
Tanner Scheppers	0	0	2.5	6.75	2.6665	4	2
Tanner Scott	0	0	2	15	2.4	1.2	1
Taylor Cole	0	0	1	36	7	1	1
Taylor Jungmann	0	0	1	45	4.5	0.2	1
Taylor Rogers	0.2916666666666667	0	2.0416666666666665	3.3996023856858852	1.39175	50.3	24
Taylor Williams	0	0	1.3333333333333333	2.142857142857143	1.0666666666666667	4.2	3
Thyago Vieira	0	0	1	0	0	1	1
Tim Adleman	0.23809523809523808	0	5.142857142857143	5.592377796188898	1.655047619047619	120.7	21
Tim Mayza	0.14285714285714285	0	3.857142857142857	7.85234899328859	2.2445714285714287	14.9	7
Tim Melville	0	0	2.3333333333333335	12.115384615384615	3.3666666666666667	5.2	3
Tom Koehler	0.0625	0	3.875	6.864406779661017	1.7575625	70.8	16
Tom Wilhelmsen	0.1	0	1.7	4.875	1.6943	24	10
Tommy Hunter	0.14285714285714285	0.047619047619047616	3.0476190476190474	2.8333333333333335	0.994	54	21
Tommy Kahnle	0.08	0	3.84	2.7597955706984663	1.22336	58.7	25
Tommy Layne	0	0	0.9	9.705882352941176	1.9061	10.200000000000001	10
Tommy Milone	0.09090909090909091	0.09090909090909091	3.4545454545454546	7.784810126582278	1.552909090909091	47.4	11
Tony Barnette	0.08695652173913043	0.08695652173913043	2.4782608695652173	5.876865671641791	1.8907826086956523	53.6	23
Tony Cingrani	0	0	2.736842105263158	4.568527918781726	1.2629473684210526	39.4	19
Tony Sipp	0	0	1.8571428571428572	6.29737609329446	1.878952380952381	34.300000000000004	21
Tony Watson	0.28	0.4	2.12	3.588516746411483	1.4377199999999999	62.7	25
Tony Zych	0.3333333333333333	0.05555555555555555	1.9444444444444444	3.059490084985835	1.3698333333333332	35.300000000000004	18
Travis Wood	0.16666666666666666	0	2.7083333333333335	6.998904709748084	2.146916666666667	91.3	24
Trevor Bauer	0.68	0	7.84	4.310747663551402	1.4754	171.2	25
Trevor Cahill	0.25	0	5.4375	5.1879699248120295	2.364375	79.8	16
Trevor Gott	0.5	0	1.5	30	5	3	2
Trevor Hildenberger	0.21428571428571427	0.07142857142857142	3.142857142857143	3.3834586466165417	1.0335	39.9	14
Trevor Rosenthal	0.16666666666666666	0.6111111111111112	4.222222222222222	3.537117903930131	1.246888888888889	45.8	18
Trevor Williams	0.30434782608695654	0	5.086956521739131	4.135135135135135	1.4015217391304349	148	23
Troy Scribner	0.3333333333333333	0	3	4.267241379310345	1.2236666666666667	23.2	6
Ty Blach	0.32	0	2.92	4.881546134663342	1.47496	160.4	25
Tyler Anderson	0.46153846153846156	0	6.230769230769231	4.934445768772348	1.4102307692307692	83.9	13
Tyler Chatwood	0.32	0.04	4.8	4.799168975069252	1.93956	144.4	25
Tyler Clippard	0.08	0.2	2.88	5.152057245080501	1.80416	55.9	25
Tyler Cloyd	1	0	1	0	2	1	1
Tyler Danish	1	0	6	0	1.8	5	1
Tyler Duffey	0.08333333333333333	0.041666666666666664	2.7916666666666665	5.310136157337369	1.51675	66.1	24
Tyler Glasnow	0.16666666666666666	0	4.666666666666667	8.057432432432432	2.359916666666667	59.2	12
Tyler Lyons	0.2	0.15	3.4	2.9479768786127165	1.1155	51.9	20
Tyler Mahle	0.25	0	3.5	2.6999999999999997	1.58325	20	4
Tyler Olson	0.1	0.1	1.8	0	1.2055	18.6	10
Tyler Pill	0	0	3.2	5.492957746478872	1.4456	21.3	5
Tyler Skaggs	0.15384615384615385	0	5.846153846153846	4.629186602870814	1.547923076923077	83.6	13
Tyler Webb	0	0	2	6.164383561643835	1.8705	7.300000000000001	4
Tyler White	0	0	0	18	2	1	1
Tyler Wilson	0.3333333333333333	0	1.5	7.499999999999999	2.0118333333333336	14.4	6
Tyson Ross	0.3333333333333333	0	4	8.059701492537314	2.054111111111111	46.9	9
Ubaldo Jimenez	0.25	0	5.791666666666667	7.0079307858687825	1.7706250000000001	138.7	24
Vance Worley	0.11764705882352941	0.058823529411764705	2.9411764705882355	7.163531114327063	2.259470588235294	69.1	17
Victor Alcantara	0	0	1.25	8.873239436619718	2.26925	7.1	4
Victor Arano	0.3333333333333333	0	4.333333333333333	1.894736842105263	1.2316666666666667	9.5	3
Vidal Nuno	0	0	1.8571428571428572	11.333333333333334	3.270142857142857	13.5	7
Vince Velasquez	0.15384615384615385	0	5.230769230769231	5.175315568022441	1.7166923076923077	71.3	13
Wade Davis	0.16666666666666666	1.3333333333333333	3.2916666666666665	2.376760563380282	1.3617083333333333	56.8	24
Wade LeBlanc	0.21739130434782608	0.043478260869565216	2.347826086956522	4.849445324881141	1.668304347826087	63.1	23
Wade Miley	0.32	0	5.68	5.716137394685678	2.5168	154.3	25
Walker Buehler	0.25	0	3	7.912087912087912	2.03575	9.1	4
Wandy Peralta	0.13043478260869565	0	2.4782608695652173	4.003294892915981	1.531782608695652	60.7	23
Warwick Saupold	0.15789473684210525	0	2.3157894736842106	5.212947189097104	2.3912105263157897	58.699999999999996	19
Wei-Chung Wang	0	0	0.3333333333333333	45	1.5	0.4	6
Wei-Yin Chen	0.25	0	3.125	3.8181818181818183	1.00025	33	8
Will Harris	0.15789473684210525	0.10526315789473684	2.736842105263158	3.191489361702127	1.191421052631579	42.300000000000004	19
William Cuevas	0	0	1	360	9	0.1	1
Wilmer Font	0	0	1.5	19.6875	3	3.2	2
Wily Peralta	0.35714285714285715	0	3.7142857142857144	8.07899461400359	2.3432142857142857	55.699999999999996	14
Xavier Cedeno	0.25	0	0	22.5	4.35	1.6	4
Yacksel Rios	0.16666666666666666	0	2.8333333333333335	4.675324675324675	1.4923333333333333	15.4	6
Yohander Mendez	0	0	1.75	5.526315789473684	0.946	11.4	4
Yovani Gallardo	0.22727272727272727	0.045454545454545456	4.2727272727272725	5.831381733021078	1.5380909090909092	128.1	22
Yu Darvish	0.4	0	8.36	3.910917979359044	1.28348	184.1	25
Yusmeiro Petit	0.2	0.16	4.04	2.8998849252013805	1.06096	86.9	25
Zac Curtis	0	0	1.2	1.216216216216216	1.0266	7.4	5
Zac Reininger	0	0	1	8.470588235294118	2.3738	8.5	5
Zac Rosscup	0	0	1.4285714285714286	6.206896551724139	1.966	5.8	7
Zach Britton	0.14285714285714285	1.0714285714285714	2.0714285714285716	2.967032967032967	1.7845	36.4	14
Zach Davies	0.68	0	4.96	3.9670738183749337	1.41112	188.3	25
Zach Duke	0.09090909090909091	0	1.0909090909090908	4.311377245508982	2.1559090909090908	16.7	11
Zach Eflin	0.125	0	4.375	6.177847113884556	1.5675	64.1	8
Zach Lee	0.5	0	3	6.164383561643835	2.1565	7.3	2
Zach McAllister	0.08	0	2.64	2.769230769230769	1.14948	58.5	25
Zach Neal	0	0	2.5	8.23943661971831	1.0305	14.2	4
Zach Putnam	0	0	3	1.2	0.41433333333333333	7.5	3
Zack Godley	0.38095238095238093	0	7.857142857142857	3.4296977660972408	1.1567142857142858	152.2	21
Zack Greinke	0.68	0	8.6	3.25137982940291	1.20968	199.3	25
Zack Wheeler	0.21428571428571427	0	5.785714285714286	5.300353356890459	1.8934285714285715	84.9	14
