Name	R	RBI	HR	SB	BA	GP	Weeks
A.J. Cole	0	0	0	0	0.14285714285714285	9	7
A.J. Ellis	0.7083333333333334	0.5833333333333334	0.25	0	0.2097902097902098	51	24
A.J. Griffin	0	0	0	0	0	2	2
A.J. Jimenez	0	0	0	0	0.08333333333333333	7	3
A.J. Pollock	4.055555555555555	2.7222222222222223	0.7777777777777778	1.1111111111111112	0.26588235294117646	112	18
A.J. Reed	0	0	0	0	0	2	1
A.J. Schugel	0	0	0	0	0	2	2
Aaron Altherr	2.761904761904762	3.0952380952380953	0.9047619047619048	0.23809523809523808	0.271505376344086	104	21
Aaron Blair	0	0	0	0	1	1	1
Aaron Hicks	3.176470588235294	3.0588235294117645	0.8823529411764706	0.5882352941176471	0.26578073089701	88	17
Aaron Hill	0.875	0.875	0.125	0	0.1323529411764706	34	8
Aaron Judge	5.12	4.56	2.08	0.36	0.28413284132841327	155	25
Aaron Nola	0.14285714285714285	0.047619047619047616	0	0	0.08333333333333333	25	21
Aaron Wilkerson	0	0	0	0	0	2	2
Abraham Almonte	1.4444444444444444	0.7777777777777778	0.16666666666666666	0.1111111111111111	0.23255813953488372	67	18
Adam Conley	0.21428571428571427	0	0	0	0.125	16	14
Adam Duvall	3.12	3.96	1.24	0.2	0.24872231686541738	156	25
Adam Eaton	6	3.25	0.5	0.75	0.2967032967032967	23	4
Adam Engel	2	1.2352941176470589	0.35294117647058826	0.47058823529411764	0.16611295681063123	95	17
Adam Frazier	2.5	2.409090909090909	0.2727272727272727	0.4090909090909091	0.27586206896551724	121	22
Adam Jones	3.4166666666666665	3.0416666666666665	1.0833333333333333	0.08333333333333333	0.2847571189279732	147	24
Adam Lind	1.56	2.36	0.56	0.04	0.30337078651685395	114	25
Adam Morgan	0	0	0	0	0.5	2	2
Adam Rosales	1	1.44	0.28	0.04	0.22491349480968859	98	25
Adam Wainwright	0.3888888888888889	0.6111111111111112	0.1111111111111111	0	0.2619047619047619	24	18
Adam Wilk	0	0	0	0	0	1	1
Addison Russell	2.6	2.15	0.6	0.1	0.23863636363636365	105	20
Adeiny Hechavarria	2.0555555555555554	1.6666666666666667	0.4444444444444444	0.2222222222222222	0.2606060606060606	96	18
Adonis Garcia	1.4615384615384615	1.4615384615384615	0.38461538461538464	0.3076923076923077	0.23699421965317918	52	13
Adrian Beltre	2.9375	4.4375	1.0625	0.0625	0.31176470588235294	94	16
Adrian Gonzalez	0.875	1.875	0.1875	0	0.24242424242424243	71	16
Adrian Sanchez	0.5	0.9166666666666666	0	0	0.2676056338028169	32	12
Albert Almora	1.56	1.84	0.32	0.04	0.2976588628762542	123	25
Albert Pujols	2.12	4.04	0.92	0.12	0.2411467116357504	149	25
Albert Suarez	0	0	0	0	0	2	2
Alberto Rosario	0	0	0	0	0	3	2
Alcides Escobar	2.84	2.16	0.24	0.16	0.25041736227045075	162	25
Alec Asher	0	0	0	0	0	1	1
Aledmys Diaz	2.066666666666667	1.3333333333333333	0.4666666666666667	0.26666666666666666	0.25874125874125875	78	15
Alejandro De Aza	1.1428571428571428	1.2857142857142858	0	0.14285714285714285	0.1935483870967742	27	7
Alen Hanson	1.44	0.44	0.16	0.44	0.22119815668202766	103	25
Alex Avila	1.64	1.96	0.56	0	0.26366559485530544	108	25
Alex Bregman	3.52	2.84	0.76	0.68	0.2841726618705036	154	25
Alex Cobb	0	0	0	0	0	2	2
Alex Gordon	2.08	1.8	0.36	0.28	0.20798319327731093	146	25
Alex Mejia	0.8571428571428571	0.42857142857142855	0.14285714285714285	0	0.10869565217391304	24	7
Alex Meyer	0	0	0	0	0.5	1	1
Alex Presley	1.875	1.25	0.1875	0.3125	0.3142857142857143	70	16
Alex Verdugo	0.2	0.2	0.2	0	0.17391304347826086	15	5
Alex Wood	0.043478260869565216	0.17391304347826086	0	0	0.057692307692307696	26	23
Alexi Amarista	0.9166666666666666	0.7916666666666666	0.125	0.041666666666666664	0.23809523809523808	92	24
Allen Cordoba	0.7083333333333334	0.625	0.16666666666666666	0.08333333333333333	0.2079207920792079	95	24
Amed Rosario	1.7777777777777777	1.1111111111111112	0.4444444444444444	0.7777777777777778	0.24848484848484848	46	9
Amir Garrett	0.09090909090909091	0.09090909090909091	0	0	0.05263157894736842	12	11
Andre Ethier	0.6	0.6	0.4	0	0.23529411764705882	20	5
Andrelton Simmons	3.08	2.76	0.56	0.76	0.27843803056027167	158	25
Andres Blanco	0.43478260869565216	0.5652173913043478	0.13043478260869565	0.043478260869565216	0.19230769230769232	75	23
Andrew Albers	0	1	0	0	1	1	1
Andrew Benintendi	3.36	3.6	0.8	0.8	0.2705061082024433	151	25
Andrew Cashner	0	0.5	0	0	0.2	2	2
Andrew Knapp	1.3	0.65	0.15	0.05	0.2573099415204678	56	20
Andrew McCutchen	3.76	3.52	1.12	0.44	0.2789473684210526	156	25
Andrew Miller	0	0	0	0	0	1	1
Andrew Romine	1.8	1	0.16	0.24	0.23270440251572327	111	25
Andrew Stevenson	0.5555555555555556	0.1111111111111111	0	0.1111111111111111	0.15789473684210525	30	9
Andrew Susac	0	0	0	0	0.08333333333333333	8	6
Andrew Toles	2.8333333333333335	2.5	0.8333333333333334	0	0.2708333333333333	31	6
Angel Sanchez	0	0	0	0	0	1	1
Anibal Sanchez	0	0	0	0	0	1	1
Anthony Alford	0	0	0	0	0.125	4	2
Anthony Banda	0	0	0	0	0	4	4
Anthony Recker	0.3333333333333333	0	0	0	0.14285714285714285	4	3
Anthony Rendon	3.24	4	1	0.28	0.30118110236220474	146	25
Anthony Rizzo	3.96	4.36	1.28	0.4	0.2727272727272727	157	25
Anthony Santander	0.14285714285714285	0.2857142857142857	0	0	0.26666666666666666	13	7
Antonio Bastardo	0	0	0	0	NaN	1	1
Antonio Senzatela	0.058823529411764705	0.29411764705882354	0	0	0.125	20	17
Archie Bradley	0	0.25	0	0	0.25	4	4
Ariel Hernandez	0	0	0	0	0	2	2
Ariel Miranda	0.3333333333333333	0	0	0	0	4	3
Arismendy Alcantara	0.7222222222222222	0.3888888888888889	0.05555555555555555	0.1111111111111111	0.17142857142857143	68	18
Asdrubal Cabrera	2.75	2.4583333333333335	0.5833333333333334	0.125	0.2797494780793319	135	24
Asher Wojciechowski	0	0	0	0	0.07142857142857142	9	8
Austin Barnes	1.4	1.52	0.32	0.16	0.2889908256880734	98	25
Austin Bibens-Dirkx	0	0	0	0	0	2	2
Austin Brice	0	0	0	0	0	4	4
Austin Hays	1	2	0.25	0	0.21666666666666667	18	4
Austin Hedges	1.44	2.2	0.72	0.16	0.2144702842377261	119	25
Austin Jackson	2.3	1.75	0.35	0.15	0.31785714285714284	84	20
Austin Pruitt	0	0	0	0	NaN	1	1
Austin Romine	0.76	0.84	0.08	0	0.2183406113537118	74	25
Austin Slater	1.875	2	0.375	0	0.28205128205128205	34	8
Avisail Garcia	3.125	3.3333333333333335	0.75	0.20833333333333334	0.3301158301158301	136	24
Barrett Astin	0	0	0	0	0	1	1
Bartolo Colon	0.09090909090909091	0	0	0	0	12	11
Ben Gamel	3.090909090909091	2.6818181818181817	0.5	0.18181818181818182	0.275049115913556	134	22
Ben Lively	0.16666666666666666	0.6666666666666666	0.16666666666666666	0	0.23076923076923078	13	12
Ben Revere	1.48	0.8	0.04	0.84	0.27491408934707906	107	25
Ben Zobrist	2.4166666666666665	2.0833333333333335	0.5	0.08333333333333333	0.23218390804597702	126	24
Billy Burns	0.3333333333333333	0	0	0	0.16666666666666666	6	3
Billy Hamilton	3.5416666666666665	1.5833333333333333	0.16666666666666666	2.4583333333333335	0.24742268041237114	139	24
Blake Snell	0	0	0	0	0	3	3
Blake Swihart	0.25	0	0	0	0.2	6	4
Blake Wood	0	0	0	0	0	1	1
Boog Powell	1.7142857142857142	0.8571428571428571	0.21428571428571427	0	0.28205128205128205	50	14
Brad Hand	0	0	0	0	0	2	2
Brad Miller	2.0476190476190474	1.9047619047619047	0.42857142857142855	0.23809523809523808	0.20118343195266272	110	21
Brad Peacock	0.3333333333333333	0.6666666666666666	0	0	0.2857142857142857	3	3
Braden Shipley	0	0	0	0	0	3	3
Bradley Zimmer	2.5625	2.4375	0.5	1.125	0.2408026755852843	96	16
Brandon Belt	3.7058823529411766	3	1.0588235294117647	0.17647058823529413	0.24083769633507854	104	17
Brandon Crawford	2.4166666666666665	3.2083333333333335	0.5833333333333334	0.125	0.2528957528957529	144	24
Brandon Drury	1.64	2.52	0.52	0.04	0.26741573033707866	135	25
Brandon Finnegan	0	0	0	0	0	4	3
Brandon Guyer	1.3529411764705883	1.1764705882352942	0.11764705882352941	0.11764705882352941	0.23636363636363636	67	17
Brandon McCarthy	0.18181818181818182	0	0	0	0.043478260869565216	15	11
Brandon Moss	1.64	2	0.88	0.08	0.20718232044198895	116	25
Brandon Nimmo	1.8571428571428572	1.5	0.35714285714285715	0.14285714285714285	0.2598870056497175	68	14
Brandon Phillips	3.24	2.4	0.52	0.44	0.28496503496503495	144	25
Brandon Woodruff	0.4	0	0	0	0.2	6	5
Brent Suter	0.125	0.125	0	0	0.16666666666666666	11	8
Brett Anderson	0	0.25	0	0	0.14285714285714285	4	4
Brett Cecil	0	0	0	0	0	1	1
Brett Eibner	0.5	1	0.3333333333333333	0	0.18181818181818182	17	6
Brett Gardner	3.84	2.52	0.84	0.92	0.26430976430976433	151	25
Brett Nicholas	0.7	1.1	0.2	0	0.23809523809523808	21	10
Brett Phillips	1.125	1.5	0.5	0.625	0.27586206896551724	33	8
Breyvic Valera	0	0	0	0	0.1	5	3
Brian Anderson	2.2	1.6	0	0	0.2619047619047619	25	5
Brian Dozier	4.24	3.72	1.36	0.64	0.2706645056726094	152	25
Brian Duensing	0	0	0	0	0	4	4
Brian Ellington	0	0	0	0	0	1	1
Brian Goodwin	3.1538461538461537	2.3076923076923075	1	0.46153846153846156	0.250996015936255	74	13
Brian Johnson	0	0	0	0	0	1	1
Brian McCann	1.9583333333333333	2.5833333333333335	0.75	0.041666666666666664	0.24068767908309455	97	24
Brock Holt	1.4285714285714286	0.5	0	0.14285714285714285	0.2	61	14
Brock Stassi	0.46153846153846156	0.5384615384615384	0.15384615384615385	0	0.16666666666666666	49	13
Brock Stewart	0	0.2	0	0	0.25	5	5
Bronson Arroyo	0	0	0	0	0.15384615384615385	15	11
Bruce Maxwell	1.2352941176470589	1.2941176470588236	0.17647058823529413	0	0.2374429223744292	75	17
Bryan Holaday	0.2	0.4	0	0	0.2413793103448276	11	5
Bryce Harper	5	4.578947368421052	1.5263157894736843	0.21052631578947367	0.319047619047619	111	19
Buster Posey	2.48	2.68	0.48	0.24	0.31983805668016196	140	25
Byron Buxton	2.875	2.125	0.6666666666666666	1.2083333333333333	0.2532467532467532	138	24
C.J. Cron	1.7727272727272727	2.5454545454545454	0.7272727272727273	0.13636363636363635	0.24778761061946902	99	22
Caleb Joseph	1.24	1.12	0.32	0	0.2559055118110236	81	25
Cam Gallagher	0.25	0.625	0.125	0	0.25	11	8
Cameron Maybin	2.739130434782609	1.5217391304347827	0.43478260869565216	1.434782608695652	0.22784810126582278	112	23
Cameron Perkins	0.6923076923076923	0.6153846153846154	0.07692307692307693	0	0.18181818181818182	42	13
Cameron Rupp	1.4	1.36	0.56	0.04	0.21694915254237288	88	25
Carl Edwards	0.5	0	0	0	0	2	2
Carlos Asuaje	1.8666666666666667	1.4	0.26666666666666666	0	0.2703583061889251	87	15
Carlos Beltran	2.4	2.04	0.56	0	0.23126338329764454	129	25
Carlos Carrasco	0.5	0	0	0	0	2	2
Carlos Correa	4.1	4.2	1.2	0.1	0.3159144893111639	109	20
Carlos Gomez	2.6842105263157894	2.6842105263157894	0.8947368421052632	0.6842105263157895	0.2554347826086957	105	19
Carlos Gonzalez	3	2.375	0.5833333333333334	0.125	0.26170212765957446	136	24
Carlos Martinez	0.21739130434782608	0.4782608695652174	0	0	0.1774193548387097	31	23
Carlos Moncrief	0.5714285714285714	0.7142857142857143	0	0	0.21052631578947367	28	7
Carlos Perez	0.16666666666666666	0.5	0.16666666666666666	0	0.1	10	6
Carlos Rodon	0	0.6666666666666666	0	0	0.3333333333333333	3	3
Carlos Ruiz	0.56	0.44	0.12	0.04	0.216	50	25
Carlos Santana	3.6	3.16	0.92	0.2	0.2591943957968476	154	25
Carson Kelly	0.45454545454545453	0.5454545454545454	0	0	0.17391304347826086	34	11
Casey Lawrence	0	0	0	0	0	2	2
CC Sabathia	0	0	0	0	0	2	2
Cesar Hernandez	4.0476190476190474	1.619047619047619	0.42857142857142855	0.7142857142857143	0.29354207436399216	128	21
Cesar Puello	0.8571428571428571	0.42857142857142855	0	0.2857142857142857	0.20588235294117646	15	7
Chad Bettis	0.16666666666666666	0.16666666666666666	0	0	0.09090909090909091	8	6
Chad Huffman	1	0	0	0	0.2857142857142857	12	3
Chad Kuhl	0.08695652173913043	0.13043478260869565	0	0	0.10416666666666667	29	23
Chad Pinder	2	2.3333333333333335	0.8333333333333334	0.1111111111111111	0.2375886524822695	86	18
Chad Wallach	0	0	0	0	0.09090909090909091	5	4
Chance Sisco	0.75	1	0.5	0	0.3333333333333333	8	4
Charlie Blackmon	5.48	4.16	1.48	0.56	0.3312597200622084	159	25
Charlie Culberson	0	0.3333333333333333	0	0	0.15384615384615385	9	3
Charlie Morton	0	0	0	0	0	1	1
Chase Anderson	0.05263157894736842	0.15789473684210525	0	0	0.1346153846153846	24	19
Chase d'Arnaud	1.0909090909090908	0.2727272727272727	0.09090909090909091	0.45454545454545453	0.1896551724137931	35	11
Chase Headley	3.08	2.44	0.48	0.36	0.2734375	147	25
Chase Utley	1.72	1.36	0.32	0.24	0.23624595469255663	125	25
Chasen Bradford	0	0	0	0	0	1	1
Chasen Shreve	0	0	0	0	0	2	2
Cheslor Cuthbert	0.5	0.9	0.1	0	0.23076923076923078	52	20
Chris Archer	0.3333333333333333	0.3333333333333333	0	0	0.25	3	3
Chris Carter	1.4285714285714286	1.8571428571428572	0.5714285714285714	0	0.20108695652173914	59	14
Chris Coghlan	0.7777777777777778	0.5555555555555556	0.1111111111111111	0	0.2	35	9
Chris Davis	2.9545454545454546	2.772727272727273	1.1818181818181819	0.045454545454545456	0.2149122807017544	127	22
Chris Devenski	0	0	0	0	0	1	1
Chris Flexen	0	0	0	0	0.15384615384615385	9	7
Chris Gimenez	1.12	0.64	0.28	0.04	0.22043010752688172	69	25
Chris Heisey	0.8	0.5	0.1	0	0.16216216216216217	38	10
Chris Herrmann	1.4	1.08	0.4	0.2	0.18141592920353983	104	25
Chris Iannetta	1.52	1.72	0.68	0	0.2536764705882353	88	25
Chris Marrero	0.6666666666666666	1.6666666666666667	0.3333333333333333	0	0.13157894736842105	15	3
Chris O'Grady	0	0	0	0	0	4	3
Chris Owings	2.5625	3.1875	0.75	0.75	0.26795580110497236	96	16
Chris Rusin	0.1111111111111111	0	0	0	0.3333333333333333	9	9
Chris Sale	0	0	0	0	0.3333333333333333	1	1
Chris Smith	0	0	0	0	0	1	1
Chris Stewart	0.36363636363636365	0.18181818181818182	0	0	0.183206106870229	50	22
Chris Stratton	0.125	0	0	0	0.14285714285714285	9	8
Chris Taylor	3.6956521739130435	3.130434782608696	0.9130434782608695	0.7391304347826086	0.28793774319066145	140	23
Chris Young	1.2	1	0.28	0.12	0.2345679012345679	89	25
Christian Arroyo	1.5	2.3333333333333335	0.5	0.16666666666666666	0.192	33	6
Christian Bergman	0	0	0	0	0	1	1
Christian Bethancourt	0	0	0	0	0.14285714285714285	7	3
Christian Colon	0.36363636363636365	0	0	0	0.16	23	11
Christian Vazquez	1.72	1.28	0.2	0.28	0.29012345679012347	93	25
Christian Villanueva	2.5	3.5	2	0	0.34375	12	2
Christian Walker	0.5	0.5	0.5	0	0.25	11	4
Christian Yelich	4	3.24	0.72	0.64	0.2823920265780731	156	25
Christopher Bostick	1.2	0.2	0	0	0.2962962962962963	20	5
Clay Buchholz	0	0	0	0	0	1	1
Clayton Kershaw	0.35294117647058826	0.11764705882352941	0	0	0.1836734693877551	23	17
Clayton Richard	0.08333333333333333	0.16666666666666666	0.041666666666666664	0	0.12280701754385964	31	24
Cliff Pennington	0.92	0.84	0.12	0.12	0.25257731958762886	83	25
Clint Frazier	1.7777777777777777	1.8888888888888888	0.4444444444444444	0.1111111111111111	0.23134328358208955	39	9
Cody Asche	0.8333333333333334	0.6666666666666666	0.16666666666666666	0	0.10526315789473684	19	6
Cody Bellinger	4.142857142857143	4.619047619047619	1.8571428571428572	0.47619047619047616	0.26666666666666666	132	21
Cody Reed	0	0	0	0	0	2	2
Colby Rasmus	2.4285714285714284	3.2857142857142856	1.2857142857142858	0.14285714285714285	0.2809917355371901	37	7
Cole Hamels	0	1	0	0	0	1	1
Colin Moran	1.5	1.5	0.5	0	0.36363636363636365	6	2
Collin McHugh	0	0	0	0	0	1	1
Conor Gillaspie	0.7272727272727273	0.7272727272727273	0.18181818181818182	0	0.1625	42	11
Corey Dickerson	3.36	2.48	1.08	0.16	0.282312925170068	150	25
Corey Kluber	0	0	0	0	0.5	1	1
Corey Seager	3.4	3.08	0.88	0.16	0.2949907235621521	145	25
Cory Gearrin	0	0	0	0	0	2	2
Cory Spangenberg	2.590909090909091	2.090909090909091	0.5909090909090909	0.5	0.2635135135135135	129	22
Craig Gentry	1	0.6470588235294118	0.11764705882352941	0.29411764705882354	0.25742574257425743	59	17
Craig Stammen	0.2857142857142857	0	0	0	0.5	8	7
Cristhian Adames	0.25	0	0	0	0	12	4
Curt Casali	0.5	0.75	0.25	0	0.3333333333333333	6	4
Curtis Granderson	2.96	2.56	1.04	0.24	0.21158129175946547	146	25
Dallas Keuchel	0	0	0	0	0	1	1
Dan Straily	0.08695652173913043	0.043478260869565216	0	0	0.07272727272727272	30	23
Dan Vogelbach	0	0.3333333333333333	0	0	0.21428571428571427	14	6
Daniel Descalso	1.88	2.04	0.4	0.16	0.23255813953488372	129	25
Daniel Gossett	0.3333333333333333	0	0	0	0.2	3	3
Daniel Mengden	1	0	0	0	0.5	1	1
Daniel Murphy	3.76	3.72	0.92	0.08	0.32209737827715357	144	25
Daniel Nava	1.1666666666666667	1.1666666666666667	0.2222222222222222	0.05555555555555555	0.3005464480874317	79	18
Daniel Robertson	1.24	1.04	0.24	0.04	0.21140939597315436	102	25
Danny Duffy	0	0	0	0	0.5	1	1
Danny Espinosa	1.4285714285714286	1.4761904761904763	0.2857142857142857	0.19047619047619047	0.17293233082706766	92	21
Danny Ortiz	0.5	0	0	0	0.08333333333333333	8	2
Danny Santana	1	1.2105263157894737	0.21052631578947367	0.3684210526315789	0.20238095238095238	78	19
Danny Valencia	2.16	2.64	0.6	0.08	0.25555555555555554	129	25
Dansby Swanson	2.4583333333333335	2.125	0.25	0.125	0.23155737704918034	143	24
Darrell Ceciliani	2	3	1	0	0.4	3	1
Darwin Barney	1.36	1	0.24	0.28	0.23214285714285715	122	25
David Freese	1.8333333333333333	2.1666666666666665	0.4166666666666667	0	0.26291079812206575	130	24
David Freitas	0.6666666666666666	0.6666666666666666	0	0	0.23529411764705882	5	3
David Peralta	3.28	2.28	0.56	0.32	0.29333333333333333	140	25
David Phelps	0	0	0	0	0	1	1
David Price	0	0	0	0	1	1	1
David Washington	0	0	0	0	0	3	2
Deck McGuire	0	1	0	0	0	2	1
Dee Gordon	4.56	1.32	0.08	2.4	0.30781010719754975	157	25
Delino DeShields	3	0.88	0.24	1.16	0.26861702127659576	118	25
Denard Span	3.1739130434782608	1.8695652173913044	0.5217391304347826	0.5217391304347826	0.2716297786720322	128	23
Derek Dietrich	2.24	2.12	0.52	0	0.24876847290640394	133	25
Derek Fisher	1.75	1.4166666666666667	0.4166666666666667	0.25	0.21232876712328766	52	12
Derek Holland	0	0	0	0	1	1	1
Derek Norris	1.75	2	0.75	0.08333333333333333	0.2011173184357542	53	12
Deven Marrero	1.8823529411764706	1.588235294117647	0.23529411764705882	0.29411764705882354	0.21052631578947367	64	17
Devin Mesoraco	1.1333333333333333	0.9333333333333333	0.4	0.06666666666666667	0.2127659574468085	55	15
Devon Travis	2.4444444444444446	2.6666666666666665	0.5555555555555556	0.4444444444444444	0.2594594594594595	50	9
Dexter Fowler	2.9565217391304346	2.782608695652174	0.782608695652174	0.30434782608695654	0.2642857142857143	118	23
Didi Gregorius	3.3181818181818183	3.9545454545454546	1.1363636363636365	0.13636363636363635	0.28651685393258425	136	22
Dietrich Enns	0	0	0	0	0.5	1	1
Dillon Overton	0	0	0	0	0	1	1
Dillon Peters	0.2	0	0	0	0	6	5
Dinelson Lamet	0	0	0	0	0.08571428571428572	19	16
Dixon Machado	0.68	0.44	0.04	0.04	0.25903614457831325	67	25
DJ LeMahieu	3.8	2.56	0.32	0.24	0.3103448275862069	155	25
Domingo Santana	3.52	3.4	1.2	0.6	0.2780952380952381	150	25
Dominic Smith	2.125	3.25	1.125	0	0.19760479041916168	49	8
Doug Fister	0	0	0	0	0	1	1
Drew Butera	0.75	0.5833333333333334	0.125	0	0.22699386503067484	63	24
Drew Pomeranz	0	0	0	0	0	1	1
Drew Robinson	0.7857142857142857	0.9285714285714286	0.42857142857142855	0	0.22429906542056074	47	14
Drew Storen	0	0	0	0	0	1	1
Drew Stubbs	0	0	0	0	0.09090909090909091	9	2
Dustin Garneau	0.6666666666666666	0.6	0.13333333333333333	0	0.1875	39	15
Dustin McGowan	0	0	0	0	0	7	6
Dustin Pedroia	2.090909090909091	2.8181818181818183	0.3181818181818182	0.18181818181818182	0.29310344827586204	105	22
Dusty Coleman	1.2	1.8	0.8	0.2	0.22727272727272727	22	5
Dwight Smith	0.5	0.25	0	0.25	0.37037037037037035	11	4
Dylan Covey	0	0	0	0	0	1	1
Dylan Floro	0	0	0	0	0	3	3
Eddie Butler	0	0	0	0	0.06666666666666667	11	9
Eddie Rosario	3.16	3.12	1.08	0.36	0.2896678966789668	145	25
Edinson Volquez	0	0.08333333333333333	0	0	0.19230769230769232	15	12
Eduardo Escobar	2.48	2.92	0.84	0.2	0.2538293216630197	128	25
Eduardo Nunez	2.857142857142857	2.761904761904762	0.5714285714285714	1.1428571428571428	0.31263383297644537	114	21
Eduardo Rodriguez	0	0	0	0	0	3	3
Edubray Ramos	0	0	0	0	0	1	1
Edwin Diaz	0	0	0	0	0	1	1
Edwin Encarnacion	3.84	4.28	1.52	0.08	0.2581227436823105	157	25
Edwin Jackson	0.3	0	0	0	0.09523809523809523	16	10
Efren Navarro	1.8	0.4	0.4	0	0.22950819672131148	21	5
Ehire Adrianza	1.5	1.2	0.1	0.4	0.2654320987654321	68	20
Elias Diaz	1.2857142857142858	1.3571428571428572	0.07142857142857142	0.07142857142857142	0.22340425531914893	63	14
Elvis Andrus	4	3.52	0.8	1	0.29704510108864696	158	25
Emilio Bonifacio	0.2222222222222222	0.3333333333333333	0	0	0.13157894736842105	38	9
Emilio Pagan	0	0	0	0	0	1	1
Ender Inciarte	3.72	2.28	0.44	0.88	0.30362537764350456	156	25
Enny Romero	0	0	0	0	0	1	1
Enrique Hernandez	1.84	1.48	0.44	0.12	0.21548821548821548	137	25
Erasmo Ramirez	0	1	0	0	0.6666666666666666	1	1
Eric Fryer	0.5	0.21428571428571427	0	0	0.15492957746478872	34	14
Eric Hosmer	3.92	3.76	1	0.24	0.31840796019900497	162	25
Eric Sogard	1.85	0.9	0.15	0.15	0.272	89	20
Eric Thames	3.32	2.52	1.24	0.16	0.24786324786324787	137	25
Eric Young	2.1818181818181817	1.4545454545454546	0.36363636363636365	1.0909090909090908	0.2636363636363636	46	11
Erick Aybar	1.85	1.1	0.35	0.55	0.23423423423423423	106	20
Erick Fedde	0	0	0	0	0	3	3
Erik Gonzalez	1.0588235294117647	0.6470588235294118	0.23529411764705882	0.058823529411764705	0.2545454545454545	45	17
Erik Kratz	0	1	0	0	1	2	2
Ervin Santana	1	1.6666666666666667	0	0	0.2	3	3
Eugenio Suarez	3.48	3.28	1.04	0.16	0.2602996254681648	155	25
Evan Gattis	1.7826086956521738	2.391304347826087	0.5217391304347826	0	0.2633333333333333	83	23
Evan Longoria	2.84	3.44	0.8	0.24	0.26101141924959215	156	25
Ezequiel Carrera	1.5833333333333333	0.8333333333333334	0.3333333333333333	0.4166666666666667	0.28222996515679444	114	24
Felix Pena	0	0	0	0	0	4	3
Fernando Salas	0	0	0	0	0.5	2	2
Franchy Cordero	2.142857142857143	1.2857142857142858	0.42857142857142855	0.14285714285714285	0.22826086956521738	30	7
Francisco Cervelli	1.7222222222222223	1.7222222222222223	0.2777777777777778	0	0.2490566037735849	81	18
Francisco Lindor	3.96	3.56	1.32	0.6	0.27342549923195086	159	25
Francisco Mejia	0.25	0.25	0	0	0.15384615384615385	11	4
Francisco Pena	1	0.6666666666666666	0.6666666666666666	0	0.5	4	3
Franklin Barreto	1.25	0.75	0.25	0.25	0.19718309859154928	25	8
Franklin Gutierrez	0.8	0.8	0.1	0	0.23214285714285715	34	10
Freddie Freeman	4.421052631578948	3.736842105263158	1.4736842105263157	0.42105263157894735	0.3068181818181818	117	19
Freddy Galvis	2.84	2.44	0.48	0.56	0.25493421052631576	162	25
Gabriel Ynoa	0	0	0	0	0	1	1
Garrett Cooper	0.75	1.5	0	0	0.32558139534883723	13	4
Gary Sanchez	3.590909090909091	4.090909090909091	1.5	0.09090909090909091	0.2781316348195329	122	22
Gavin Cecchini	0.4444444444444444	0.7777777777777778	0.1111111111111111	0	0.2077922077922078	32	9
George Kontos	0	0	0	0	0	2	2
George Springer	4.666666666666667	3.5416666666666665	1.4166666666666667	0.20833333333333334	0.28284671532846717	140	24
Geovany Soto	1	1.8	0.6	0	0.19047619047619047	13	5
Gerardo Parra	2.5454545454545454	3.227272727272727	0.45454545454545453	0.09090909090909091	0.3086734693877551	114	22
German Marquez	0.2	0.25	0	0	0.17777777777777778	26	20
Gerrit Cole	0.125	0.125	0.041666666666666664	0	0.16363636363636364	32	24
Giancarlo Stanton	4.92	5.28	2.36	0.08	0.2814070351758794	159	25
Gift Ngoepe	1.6666666666666667	1	0	0	0.2222222222222222	24	6
Gio Gonzalez	0.12	0.2	0	0	0.09090909090909091	30	25
Giovanny Urshela	1.0769230769230769	1.1538461538461537	0.07692307692307693	0	0.22435897435897437	58	13
Gordon Beckham	0.5	0	0	0.25	0.17647058823529413	9	4
Gorkys Hernandez	1.6	0.88	0	0.48	0.25483870967741934	118	25
Grant Green	0	0	0	0	0	1	1
Greg Allen	1.4	1.2	0.2	0.2	0.22857142857142856	19	5
Greg Bird	1.8181818181818181	2.5454545454545454	0.8181818181818182	0	0.19047619047619047	48	11
Greg Garcia	1.08	0.8	0.08	0.08	0.25311203319502074	126	25
Gregor Blanco	2.0476190476190474	0.6190476190476191	0.14285714285714285	0.7142857142857143	0.24553571428571427	83	21
Gregory Polanco	1.95	1.75	0.55	0.4	0.25065963060686014	108	20
Guillermo Heredia	1.7916666666666667	1	0.25	0.041666666666666664	0.24870466321243523	120	24
Hanley Ramirez	2.32	2.48	0.92	0.04	0.24193548387096775	132	25
Hansel Robles	0	0	0	0	NaN	1	1
Harrison Bader	1.6666666666666667	1.6666666666666667	0.5	0.3333333333333333	0.23529411764705882	31	6
Hector Rondon	0	0	0	0	0.5	2	2
Hector Sanchez	0.7368421052631579	1.3157894736842106	0.42105263157894735	0	0.21897810218978103	74	19
Hector Velazquez	0	0	0	0	0	1	1
Henderson Alvarez	0	0	0	0	0	3	3
Hernan Perez	1.88	2.04	0.56	0.52	0.25925925925925924	130	25
Hoby Milner	0	0	0	0	0	2	1
Homer Bailey	0.3076923076923077	0	0	0	0.25	17	13
Howie Kendrick	2.2222222222222223	2.2777777777777777	0.5	0.6666666666666666	0.31475409836065577	91	18
Hunter Pence	2.391304347826087	2.9130434782608696	0.5652173913043478	0.08695652173913043	0.25963488843813387	133	23
Hunter Renfroe	2.4285714285714284	2.761904761904762	1.2380952380952381	0.14285714285714285	0.23146067415730337	121	21
Hyun Soo Kim	0.8	0.56	0.04	0	0.23113207547169812	93	25
Hyun-Jin Ryu	0.16666666666666666	0	0	0	0.13333333333333333	21	18
Ian Desmond	2.764705882352941	2.3529411764705883	0.4117647058823529	0.8823529411764706	0.2743362831858407	95	17
Ian Happ	3.1	3.4	1.2	0.4	0.25274725274725274	113	20
Ian Kennedy	0	0	0	0	0.3333333333333333	2	2
Ian Kinsler	3.75	2.1666666666666665	0.9166666666666666	0.5833333333333334	0.23593466424682397	139	24
Ian Krol	0	0	0	0	0	1	1
Ian Parmley	0	0	0	0	0	2	1
Ichiro Suzuki	0.76	0.8	0.12	0.04	0.25510204081632654	136	25
Ildemaro Vargas	0.8	0.8	0	0	0.3076923076923077	11	5
Ivan Nova	0	0	0	0	0.0196078431372549	28	23
J.A. Happ	0	0	0	0	0	1	1
J.C. Ramirez	0	0	0	0	0	1	1
J.D. Davis	1	0.875	0.5	0.125	0.22580645161290322	22	8
J.D. Martinez	4.25	5.2	2.25	0.2	0.30324074074074076	119	20
J.J. Hardy	1.7142857142857142	1.7142857142857142	0.2857142857142857	0	0.21653543307086615	72	14
J.P. Crawford	2	1.5	0	0.25	0.21428571428571427	23	4
J.T. Realmuto	2.72	2.6	0.68	0.32	0.2781954887218045	141	25
Jabari Blash	1.7142857142857142	1.1428571428571428	0.35714285714285715	0.07142857142857142	0.21341463414634146	61	14
Jace Peterson	0.6818181818181818	0.7727272727272727	0.09090909090909091	0.13636363636363635	0.21505376344086022	87	22
Jack Flaherty	0	0	0	0	0	4	4
Jack Reinheimer	0	0	0	0	0	2	1
Jackie Bradley	2.4166666666666665	2.625	0.7083333333333334	0.3333333333333333	0.24481327800829875	133	24
Jackson Stephens	0.3333333333333333	0.6666666666666666	0	0	0.3333333333333333	4	3
Jacob Barnes	0	0	0	0	NaN	1	1
Jacob deGrom	0.2608695652173913	0.17391304347826086	0.043478260869565216	0.043478260869565216	0.2112676056338028	34	23
Jacob Hannemann	0.75	0.25	0.25	0	0.15	10	4
Jacob May	0.4	0.6	0	0	0.05555555555555555	15	5
Jacob Stallings	1	1	0	0	0.35714285714285715	4	3
Jacob Turner	0	0	0	0	0	6	5
Jacoby Ellsbury	3.0952380952380953	1.8571428571428572	0.3333333333333333	1.0476190476190477	0.2640449438202247	111	21
JaCoby Jones	1.1666666666666667	1.0833333333333333	0.25	0.5	0.1702127659574468	53	12
Jae-gyun Hwang	0.4	1	0.2	0	0.15384615384615385	17	5
Jaff Decker	0.8	0.2	0	0.2	0.2	17	5
Jaime Garcia	0.15384615384615385	0.5384615384615384	0.07692307692307693	0	0.15151515151515152	16	13
Jake Arrieta	0.09090909090909091	0.22727272727272727	0.045454545454545456	0	0.13114754098360656	29	22
Jake Buchanan	0.5	0.5	0	0	0.5	2	2
Jake Lamb	3.56	4.2	1.2	0.24	0.24813432835820895	149	25
Jake Marisnick	2.272727272727273	1.5909090909090908	0.7272727272727273	0.4090909090909091	0.24347826086956523	92	22
Jake Odorizzi	0	0.5	0	0	0.3333333333333333	2	2
Jake Smolinski	0.2	0	0	0	0.25925925925925924	15	5
Jake Thompson	0.14285714285714285	0	0	0	0.16666666666666666	8	7
Jakob Junis	0	0	0	0	0	1	1
James Hoyt	0	0	0	0	0	1	1
James McCann	1.625	2.0416666666666665	0.5416666666666666	0.041666666666666664	0.2528409090909091	105	24
Jameson Taillon	0.11764705882352941	0	0	0	0.15789473684210525	23	17
Jared Hoying	1.625	0.875	0.125	0.375	0.2222222222222222	29	8
Jarred Cosart	0	0	0	0	0	6	5
Jarrett Parker	1.2727272727272727	2.090909090909091	0.36363636363636365	0.18181818181818182	0.2469879518072289	51	11
Jarrod Dyson	2.8	1.5	0.25	1.4	0.2514450867052023	109	20
Jarrod Saltalamacchia	0.25	0	0	0	0.04	9	4
Jason Castro	2.0416666666666665	1.9583333333333333	0.4166666666666667	0	0.24157303370786518	107	24
Jason Hammel	0	0	0	0	0	3	3
Jason Heyward	2.6818181818181817	2.6818181818181817	0.5	0.18181818181818182	0.25925925925925924	123	22
Jason Kipnis	2.263157894736842	1.8421052631578947	0.631578947368421	0.3157894736842105	0.23214285714285715	90	19
Jason Vargas	0	0	0	0	0.25	1	1
Javier Baez	3	3	0.92	0.4	0.27292110874200426	137	25
Javy Guerra	0	0	0	0	0	1	1
Jay Bruce	3.28	4.04	1.44	0.04	0.25405405405405407	146	25
Jaycob Brugman	1.3333333333333333	1.3333333333333333	0.3333333333333333	0.1111111111111111	0.26573426573426573	47	9
Jayson Aquino	0	0	0	0	0	1	1
Jayson Werth	2.5	2.0714285714285716	0.7142857142857143	0.2857142857142857	0.2261904761904762	70	14
Jean Machi	0	0	0	0	0	1	1
Jean Segura	3.6363636363636362	2.0454545454545454	0.5	1	0.29961832061068705	125	22
Jed Lowrie	3.44	2.76	0.56	0	0.2768959435626102	153	25
Jedd Gyorko	2.260869565217391	2.9130434782608696	0.8695652173913043	0.2608695652173913	0.27230046948356806	125	23
Jeff Hoffman	0.07692307692307693	0.07692307692307693	0	0	0.09090909090909091	16	13
Jeff Locke	0	0	0	0	0	7	6
Jeff Mathis	0.6190476190476191	0.5238095238095238	0.09523809523809523	0.047619047619047616	0.21505376344086022	60	21
Jeff Samardzija	0.125	0.08333333333333333	0.041666666666666664	0	0.09375	32	24
Jefry Marte	0.7692307692307693	1.0769230769230769	0.3076923076923077	0.07692307692307693	0.1732283464566929	45	13
Jeimer Candelario	2	1.7777777777777777	0.3333333333333333	0	0.28346456692913385	38	9
Jen-Ho Tseng	0	1	0	0	0	1	1
Jerad Eickhoff	0.2	0	0	0	0.16129032258064516	19	15
Jered Weaver	0	0	0	0	0	6	5
Jeremy Hazelbaker	0.9090909090909091	0.9090909090909091	0.18181818181818182	0.09090909090909091	0.34615384615384615	38	11
Jeremy Hellickson	0.06666666666666667	0.13333333333333333	0	0	0.09090909090909091	20	15
Jeremy Jeffress	0	0	0	0	0	2	1
Jesen Therrien	0	0	0	0	0	2	2
Jesse Chavez	0	0	0	0	0	3	3
Jesse Winker	1.9090909090909092	1.3636363636363635	0.6363636363636364	0.09090909090909091	0.2975206611570248	47	11
Jesus Aguilar	1.6	2.08	0.64	0	0.26523297491039427	129	25
Jesus Sucre	0.8	1.16	0.28	0.08	0.2556818181818182	58	25
Jett Bandy	0.7368421052631579	0.9473684210526315	0.3157894736842105	0.05263157894736842	0.20710059171597633	58	19
Jeurys Familia	0	0	0	0	0	1	1
Jhan Marinez	0	0	0	0	0.16666666666666666	6	5
Jharel Cotton	0	0	0	0	0	1	1
Jhonny Peralta	0.5	0	0	0	0.2037037037037037	21	6
Jhoulys Chacin	0	0.16	0	0.04	0.2222222222222222	32	25
Ji-Man Choi	1	2.5	1	0	0.26666666666666666	6	2
Jim Adduci	1.75	1.25	0.125	0.125	0.24096385542168675	28	8
Jimmy Nelson	0	0.09090909090909091	0	0	0.10526315789473684	27	22
Jimmy Yacabonis	0	1	0	0	0	1	1
Joc Pederson	2.2	1.75	0.55	0.2	0.21245421245421245	101	20
Joe Biagini	0	0.5	0	0	0	2	2
Joe Blanton	0	0	0	0	NaN	1	1
Joe Mauer	2.76	2.84	0.28	0.08	0.3047619047619048	140	25
Joe Musgrove	0	0	0	0	0	3	3
Joe Panik	2.5	2.2083333333333335	0.4166666666666667	0.16666666666666666	0.2876712328767123	138	24
Joe Ross	0.1111111111111111	0.1111111111111111	0	0	0.18181818181818182	19	9
Joely Rodriguez	0	0	0	0	NaN	1	1
Joey Gallo	3.5416666666666665	3.3333333333333335	1.7083333333333333	0.2916666666666667	0.20935412026726058	144	24
Joey Rickard	1.3181818181818181	0.8636363636363636	0.18181818181818182	0.36363636363636365	0.2413793103448276	101	22
Joey Votto	4.24	4	1.44	0.2	0.32021466905187834	162	25
Joey Wendle	0.75	1.25	0.25	0	0.3076923076923077	7	4
Johan Camargo	1.875	1.6875	0.25	0	0.2987551867219917	80	16
John Bormann	0	0	0	0	0	1	1
John Brebbia	0	0	0	0	0	1	1
John Gant	0	0	0	0	0	3	3
John Hicks	1.4705882352941178	1.2941176470588236	0.35294117647058826	0.11764705882352941	0.2658959537572254	59	17
John Jaso	1.12	1.4	0.4	0.04	0.2109375	123	25
John Lackey	0.08333333333333333	0.041666666666666664	0	0.041666666666666664	0.1320754716981132	30	24
John Ryan Murphy	0	1	0	0	0.14285714285714285	2	1
Johnny Barbato	0	0	0	0	0	1	1
Johnny Cueto	0.15	0.15	0	0	0.08695652173913043	25	20
Johnny Giavotella	0	0	0	0.5	0.1	5	2
Jon Gray	0.2	0.2	0.06666666666666667	0	0.07894736842105263	19	15
Jon Jay	2.6	1.36	0.08	0.24	0.2955145118733509	141	25
Jon Lester	0.23809523809523808	0.2857142857142857	0.047619047619047616	0.047619047619047616	0.14814814814814814	28	21
Jonathan Lucroy	1.8	1.6	0.24	0.04	0.2647754137115839	123	25
Jonathan Schoop	3.68	4.2	1.28	0.04	0.29260450160771706	160	25
Jonathan Villar	2.130434782608696	1.7391304347826086	0.4782608695652174	1	0.24069478908188585	121	23
Jordan Luplow	0.8571428571428571	1.5714285714285714	0.42857142857142855	0	0.20512820512820512	26	7
Jordan Lyles	0.1111111111111111	0.3333333333333333	0	0	0.23076923076923078	10	9
Jordan Montgomery	0	0	0	0	0	2	2
Jordan Zimmermann	0	0	0	0	0.16666666666666666	3	3
Jordy Mercer	2.1666666666666665	2.4166666666666665	0.5833333333333334	0	0.2549800796812749	144	24
Jorge Alfaro	1.3333333333333333	1.5555555555555556	0.5555555555555556	0	0.3177570093457944	29	9
Jorge Bonifacio	2.391304347826087	1.7391304347826086	0.7391304347826086	0.043478260869565216	0.2552083333333333	111	23
Jorge De La Rosa	0.5	0	0	0	NaN	2	2
Jorge Polanco	2.5	3.0833333333333335	0.5416666666666666	0.5416666666666666	0.25614754098360654	132	24
Jorge Soler	0.5833333333333334	0.5	0.16666666666666666	0	0.14432989690721648	33	12
Jose Abreu	3.8	4.08	1.32	0.12	0.30434782608695654	156	25
Jose Altuve	4.48	3.24	0.96	1.28	0.34576271186440677	153	25
Jose Bautista	3.68	2.6	0.92	0.24	0.20272572402044292	157	25
Jose Berrios	0	0	0	0	0.2	3	3
Jose Iglesias	2.24	2.16	0.24	0.28	0.2548596112311015	128	25
Jose Lobaton	0.44	0.44	0.16	0	0.1702127659574468	48	25
Jose Martinez	2.1363636363636362	2.090909090909091	0.6363636363636364	0.18181818181818182	0.3088235294117647	105	22
Jose Osuna	1.3478260869565217	1.3043478260869565	0.30434782608695654	0	0.23255813953488372	102	23
Jose Peraza	2	1.48	0.2	0.92	0.2587268993839836	142	25
Jose Pirela	3.0714285714285716	2.857142857142857	0.7142857142857143	0.2857142857142857	0.28846153846153844	83	14
Jose Quintana	0.15384615384615385	0.3076923076923077	0	0	0.08	15	13
Jose Ramirez	4.28	3.32	1.16	0.68	0.31794871794871793	152	25
Jose Reyes	3	2.32	0.6	0.96	0.24550898203592814	143	25
Jose Torres	1	0	0	0	1	1	1
Jose Urena	0.13636363636363635	0.09090909090909091	0	0	0.10416666666666667	29	22
Josh Bell	3	3.6	1.04	0.08	0.2550091074681239	159	25
Josh Donaldson	3.25	3.9	1.65	0.1	0.26987951807228916	113	20
Josh Hader	0	0	0	0	0	4	4
Josh Harrison	3.142857142857143	2.238095238095238	0.7619047619047619	0.5714285714285714	0.2716049382716049	128	21
Josh Lindblom	0	0	0	0	0	2	1
Josh Phegley	0.6666666666666666	0.47619047619047616	0.14285714285714285	0	0.20134228187919462	53	21
Josh Ravin	0	0	0	0	0	2	2
Josh Reddick	3.2083333333333335	3.4166666666666665	0.5416666666666666	0.2916666666666667	0.31446540880503143	132	24
Josh Rutledge	1.1111111111111112	1	0	0.1111111111111111	0.22429906542056074	34	9
Josh Smoker	0	0	0	0	0	2	2
Josh Tomlin	0	0	0	0	0.14285714285714285	3	3
JT Riddle	1.6666666666666667	2.5833333333333335	0.25	0	0.25	68	12
Juan Centeno	0.625	0.5	0.25	0	0.23076923076923078	18	8
Juan Graterol	0.23809523809523808	0.47619047619047616	0	0	0.20238095238095238	32	21
Juan Lagares	2.0555555555555554	0.8333333333333334	0.16666666666666666	0.3888888888888889	0.25	89	18
Juan Nicasio	0	0	0	0	0	1	1
Julio Teheran	0.16666666666666666	0.25	0	0	0.14035087719298245	35	24
Julio Urias	0	0	0	0	0.16666666666666666	4	3
Junichi Tazawa	0	0	0	0	0	1	1
Junior Guerra	0	0	0	0	0	12	9
Jurickson Profar	1.1428571428571428	0.7142857142857143	0	0.14285714285714285	0.1724137931034483	21	7
Justin Bour	2.736842105263158	4.368421052631579	1.3157894736842106	0.05263157894736842	0.2891246684350133	108	19
Justin Grimm	0	0	0	0	0	3	3
Justin Nicolino	0	0	0	0	0	9	9
Justin Ruggiano	0.4	0.8	0.4	0.2	0.21666666666666667	19	5
Justin Smoak	3.4	3.6	1.52	0	0.26964285714285713	156	25
Justin Turner	3.130434782608696	3.0869565217391304	0.9130434782608695	0.30434782608695654	0.32166301969365424	130	23
Justin Upton	4	4.36	1.4	0.56	0.27289048473967686	152	25
Justin Verlander	0	0.5	0	0	0.16666666666666666	2	2
Kaleb Cowart	1.6363636363636365	1	0.2727272727272727	0.36363636363636365	0.22549019607843138	42	11
Kelby Tomlinson	1.5238095238095237	0.5238095238095238	0.047619047619047616	0.42857142857142855	0.25773195876288657	101	21
Kendall Graveman	0	0	0	0	0	1	1
Kendrys Morales	2.68	3.4	1.12	0	0.2495511669658887	150	25
Kenley Jansen	0	0.25	0	0	0.5	4	4
Kennys Vargas	1.736842105263158	2.1578947368421053	0.5789473684210527	0	0.25311203319502074	76	19
Kenta Maeda	0.09523809523809523	0.19047619047619047	0	0	0.1282051282051282	26	21
Keon Broxton	2.75	2.0416666666666665	0.8333333333333334	0.875	0.21980676328502416	134	24
Ketel Marte	2.3076923076923075	1.3846153846153846	0.38461538461538464	0.23076923076923078	0.2600896860986547	71	13
Kevan Smith	1.0454545454545454	1.3636363636363635	0.18181818181818182	0	0.2826086956521739	86	22
Kevin Gausman	0	0	0	0	0	2	2
Kevin Kiermaier	3.2941176470588234	2.2941176470588234	0.8823529411764706	0.9411764705882353	0.27631578947368424	98	17
Kevin Pillar	2.88	1.68	0.64	0.6	0.2555366269165247	151	25
Kevin Plawecki	0.9166666666666666	1.0833333333333333	0.25	0.08333333333333333	0.26	35	12
Kevin Quackenbush	0	0	0	0	0	1	1
Kevin Shackelford	0	0	0	0	0.3333333333333333	3	3
Khris Davis	3.64	4.4	1.72	0.16	0.24734982332155478	153	25
Kirk Nieuwenhuis	0.75	0.25	0.25	0	0.11538461538461539	15	4
Kole Calhoun	3.08	2.84	0.76	0.2	0.24428822495606328	155	25
Kolten Wong	2.619047619047619	2	0.19047619047619047	0.38095238095238093	0.2853107344632768	105	21
Kris Bryant	4.44	2.92	1.16	0.28	0.29508196721311475	151	25
Kristopher Negron	0.6	0.2	0	0	0.16	12	5
Kurt Suzuki	1.52	2	0.76	0	0.2826086956521739	81	25
Kyle Barraclough	0	0	0	0	0	1	1
Kyle Farmer	0.16666666666666666	0.3333333333333333	0	0	0.3	18	6
Kyle Freeland	0.15	0.1	0.05	0	0.15384615384615385	28	20
Kyle Hendricks	0.15789473684210525	0.2631578947368421	0	0	0.1	24	19
Kyle Higashioka	0.5	0	0	0	0	8	4
Kyle Kendrick	0	0	0	0	0	1	1
Kyle Lloyd	0	0	0	0	0	1	1
Kyle Schwarber	2.7916666666666665	2.4583333333333335	1.25	0.041666666666666664	0.2109004739336493	129	24
Kyle Seager	2.88	3.52	1.08	0.08	0.2491349480968858	154	25
Lance Lynn	0.08695652173913043	0	0	0	0.07407407407407407	30	23
Lance McCullers	0	0	0	0	0	1	1
Lane Adams	1.0555555555555556	1.1111111111111112	0.2777777777777778	0.5555555555555556	0.27522935779816515	82	18
Leonys Martin	1.1666666666666667	0.75	0.25	0.5833333333333334	0.171875	45	12
Leury Garcia	2.411764705882353	1.9411764705882353	0.5294117647058824	0.47058823529411764	0.27	87	17
Lewis Brinson	0.4	0.6	0.4	0.2	0.10638297872340426	21	5
Lisalverto Bonilla	0	0	0	0	0.16666666666666666	5	5
Logan Forsythe	2.6666666666666665	1.7142857142857142	0.2857142857142857	0.14285714285714285	0.22437673130193905	117	21
Logan Morrison	3	3.4	1.52	0.08	0.24609375	149	25
Lonnie Chisenhall	2.125	3.3125	0.75	0.125	0.288135593220339	81	16
Lorenzo Cain	3.44	1.96	0.6	1.04	0.29914529914529914	155	25
Lucas Duda	2.1739130434782608	2.782608695652174	1.3043478260869565	0	0.21749408983451538	127	23
Lucas Sims	0.125	0	0	0	0.06666666666666667	11	8
Luis Avilan	0	0	0	0	0	2	2
Luis Castillo	0	0.09090909090909091	0	0	0.06896551724137931	14	11
Luis Perdomo	0.14285714285714285	0.14285714285714285	0	0	0.10869565217391304	27	21
Luis Sardinas	0.42857142857142855	0.14285714285714285	0	0.14285714285714285	0.16326530612244897	28	7
Luis Severino	0.5	0	0	0	0.2	2	2
Luis Torrens	0.2916666666666667	0.2916666666666667	0	0	0.16260162601626016	55	24
Luis Valbuena	2	3.0952380952380953	1.0476190476190477	0	0.1988472622478386	116	21
Luiz Gohara	0	0	0	0	0	5	4
Luke Jackson	0	0	0	0	0	3	3
Luke Maile	0.625	0.4375	0.125	0.0625	0.14615384615384616	45	16
Luke Voit	1.2857142857142858	1.2857142857142858	0.2857142857142857	0	0.24561403508771928	59	14
Luke Weaver	0.2222222222222222	0.1111111111111111	0	0	0.15789473684210525	12	9
Mac Williamson	0.8888888888888888	0.6666666666666666	0.3333333333333333	0.1111111111111111	0.23529411764705882	28	9
Madison Bumgarner	0.36363636363636365	0.45454545454545453	0.2727272727272727	0	0.20588235294117646	15	11
Magneuris Sierra	1.25	0.625	0	0.25	0.31666666666666665	22	8
Maikel Franco	2.64	3.04	0.96	0	0.22956521739130434	154	25
Mallex Smith	1.9411764705882353	0.7058823529411765	0.11764705882352941	0.9411764705882353	0.26953125	81	17
Manny Machado	3.24	3.8	1.32	0.36	0.25873015873015875	156	25
Manny Pina	1.875	1.7916666666666667	0.375	0.08333333333333333	0.2787878787878788	104	24
Manuel Margot	2.5238095238095237	1.8571428571428572	0.6190476190476191	0.8095238095238095	0.26283367556468173	125	21
Marcell Ozuna	3.72	4.96	1.48	0.04	0.31158238172920066	159	25
Marco Estrada	0	0	0	0	0	2	2
Marco Gonzales	0	0	0	0	0.5	2	2
Marco Hernandez	1.4	0.4	0	0	0.27586206896551724	20	5
Marcus Semien	3.7857142857142856	2.857142857142857	0.7142857142857143	0.8571428571428571	0.24853801169590642	85	14
Marcus Stroman	0.6666666666666666	0.3333333333333333	0.3333333333333333	0	0.2857142857142857	3	3
Mark Canha	1.0666666666666667	0.9333333333333333	0.3333333333333333	0.13333333333333333	0.20809248554913296	56	15
Mark Leiter	0	0	0	0	0.08	15	13
Mark Reynolds	3.28	3.88	1.2	0.08	0.2673076923076923	147	25
Mark Trumbo	3.2916666666666665	2.7083333333333335	0.9583333333333334	0.041666666666666664	0.23434704830053668	146	24
Mark Zagunis	0	0.5	0	1	0	7	2
Martin Maldonado	1.72	1.52	0.56	0	0.22144522144522144	135	25
Martin Perez	0	0	0	0	0	2	2
Martin Prado	1.8571428571428572	1.7142857142857142	0.2857142857142857	0	0.25	37	7
Marwin Gonzalez	2.68	3.6	0.92	0.32	0.3026315789473684	133	25
Masahiro Tanaka	0	0	0	0	0	1	1
Mason Williams	1.5	0.5	0	1	0.25	5	2
Mat Latos	0	0	0	0	0	1	1
Matt Adams	1.84	2.6	0.8	0	0.2743362831858407	130	25
Matt Boyd	0	0	0	0	0.3333333333333333	2	2
Matt Cain	0.058823529411764705	0.11764705882352941	0	0	0.15625	20	17
Matt Carpenter	3.64	2.76	0.92	0.08	0.2414486921529175	144	25
Matt Chapman	3	3.076923076923077	1.0769230769230769	0	0.23448275862068965	83	13
Matt Davidson	1.8695652173913044	2.9565217391304346	1.1304347826086956	0	0.21980676328502416	118	23
Matt den Dekker	0.5	0	0	0	0.14285714285714285	4	2
Matt Garza	0.058823529411764705	0.058823529411764705	0	0	0.08571428571428572	21	17
Matt Grace	0	0	0	0	0	4	4
Matt Harvey	0.13333333333333333	0.06666666666666667	0	0	0.058823529411764705	18	15
Matt Holliday	2.5	3.2	0.95	0.05	0.23056300268096513	105	20
Matt Kemp	2.1363636363636362	2.909090909090909	0.8636363636363636	0	0.2762557077625571	115	22
Matt Moore	0.13043478260869565	0.17391304347826086	0	0	0.1276595744680851	29	23
Matt Olson	2.5384615384615383	3.4615384615384617	1.8461538461538463	0	0.25925925925925924	58	13
Matt Reynolds	0.6	0.25	0.05	0	0.23008849557522124	65	20
Matt Shoemaker	0	0	0	0	0	1	1
Matt Szczur	1.12	0.72	0.12	0	0.22564102564102564	109	25
Matt Wieters	1.72	2.08	0.4	0.04	0.22511848341232227	122	25
Matt Wisler	0	0	0	0	0	3	3
Matthew Bowman	0	0	0	0	NaN	2	2
Matthew Joyce	3.12	2.72	1	0.16	0.24307036247334754	139	25
Max Fried	0.25	0	0	0	0	6	4
Max Kepler	2.68	2.76	0.76	0.24	0.24266144814090018	145	25
Max Moroff	1.1176470588235294	1.2352941176470589	0.17647058823529413	0	0.2	54	17
Max Scherzer	0.17391304347826086	0.21739130434782608	0.043478260869565216	0	0.16129032258064516	30	23
Max Stassi	1	0.8	0.4	0	0.16666666666666666	12	5
Melky Cabrera	3.12	3.4	0.68	0.04	0.2854838709677419	156	25
Micah Johnson	0.2857142857142857	0	0	0.14285714285714285	0.2	17	7
Michael Blazek	0	0	0	0	0	2	2
Michael Brantley	2.611111111111111	2.888888888888889	0.5	0.6111111111111112	0.2988165680473373	90	18
Michael Conforto	3.789473684210526	3.5789473684210527	1.4210526315789473	0.10526315789473684	0.27882037533512066	108	19
Michael Feliz	0	0	0	0	0	1	1
Michael Fulmer	0	0	0	0	0	2	2
Michael Lorenzen	0.09090909090909091	0.09090909090909091	0.09090909090909091	0	0.16666666666666666	12	11
Michael Martinez	0.2	0	0	0	0.16216216216216217	20	10
Michael Pineda	0	0	0	0	0.3333333333333333	2	2
Michael Saunders	1.625	1.3125	0.375	0	0.2018348623853211	72	16
Michael Taylor	2.619047619047619	2.5238095238095237	0.9047619047619048	0.8095238095238095	0.2706766917293233	116	21
Michael Wacha	0.13043478260869565	0.13043478260869565	0	0	0.043478260869565216	28	23
Miguel Andujar	0	1.3333333333333333	0	0.3333333333333333	0.5714285714285714	3	3
Miguel Cabrera	2.1739130434782608	2.608695652173913	0.6956521739130435	0	0.24946695095948826	130	23
Miguel Diaz	0	0	0	0	0	3	3
Miguel Gomez	0.6	0.4	0	0	0.24242424242424243	22	5
Miguel Gonzalez	0.25	0	0	0	0	4	4
Miguel Montero	1	0.6666666666666666	0.25	0.041666666666666664	0.21621621621621623	75	24
Miguel Rojas	2.3125	1.625	0.0625	0.125	0.29044117647058826	82	16
Miguel Sano	3.75	3.85	1.4	0	0.2641509433962264	114	20
Miguel Socolovich	0	0	0	0	0	1	1
Mike Aviles	0.4166666666666667	0.6666666666666666	0.08333333333333333	0	0.23255813953488372	37	12
Mike Clevinger	0	0	0	0	0	2	2
Mike Fiers	0.5	0	0	0	0	2	2
Mike Foltynewicz	0.047619047619047616	0	0	0	0.047619047619047616	27	21
Mike Freeman	0.5	0.08333333333333333	0.08333333333333333	0	0.1	33	12
Mike Leake	0.1	0.2	0	0	0.1702127659574468	26	20
Mike Marjama	0.3333333333333333	0.3333333333333333	0.3333333333333333	0	0.3333333333333333	4	3
Mike Montgomery	0.35714285714285715	0.21428571428571427	0.07142857142857142	0	0.18518518518518517	19	14
Mike Morse	0.16666666666666666	0.5	0.16666666666666666	0	0.19444444444444445	24	6
Mike Moustakas	3	3.4	1.52	0	0.27207207207207207	148	25
Mike Napoli	2.727272727272727	3	1.3181818181818181	0.045454545454545456	0.19294117647058823	124	22
Mike Ohlman	0.25	0.25	0	0	0.23076923076923078	6	4
Mike Tauchman	0.25	0.25	0	0.125	0.2222222222222222	30	8
Mike Trout	4.842105263157895	3.789473684210526	1.736842105263158	1.1578947368421053	0.30597014925373134	114	19
Mike Zunino	2.260869565217391	2.782608695652174	1.0869565217391304	0.043478260869565216	0.25064599483204136	117	23
Mikie Mahtook	2.0833333333333335	1.5833333333333333	0.5	0.25	0.27586206896551724	107	24
Mitch Garver	0.7142857142857143	0.42857142857142855	0	0	0.1956521739130435	20	7
Mitch Haniger	3.2222222222222223	2.611111111111111	0.8888888888888888	0.2777777777777778	0.28184281842818426	96	18
Mitch Moreland	2.92	3.16	0.88	0	0.24606299212598426	148	25
Mookie Betts	4.04	4.08	0.96	1.04	0.2643312101910828	153	25
Neil Ramirez	0	0	0	0	0	1	1
Neil Walker	2.8095238095238093	2.3333333333333335	0.6666666666666666	0	0.2649350649350649	111	21
Nelson Cruz	3.64	4.76	1.56	0.04	0.28776978417266186	155	25
Nicholas Castellanos	2.92	4.04	1.04	0.16	0.2719869706840391	157	25
Nick Ahmed	1.8461538461538463	1.6153846153846154	0.46153846153846156	0.23076923076923078	0.25149700598802394	53	13
Nick Franklin	0.5625	0.75	0.125	0.125	0.1792452830188679	65	16
Nick Hundley	1.08	1.4	0.36	0	0.24390243902439024	100	25
Nick Markakis	3.04	3.04	0.32	0	0.2748735244519393	160	25
Nick Martinez	0	0	0	0	0	1	1
Nick Pivetta	0.15789473684210525	0	0	0	0.06818181818181818	24	19
Nick Tepesch	0	0	0	0	0	1	1
Nick Williams	3.4615384615384617	4.230769230769231	0.9230769230769231	0.07692307692307693	0.28753993610223644	82	13
Nick Wittgren	0	0	0	0	0	4	4
Nicky Delmonico	3.125	2.875	1.125	0.25	0.2624113475177305	43	8
Nik Turley	0	0	0	0	0	1	1
Niko Goodrum	0.2	0	0	0	0.058823529411764705	10	5
Noah Syndergaard	0	0	0	0	0.2222222222222222	6	5
Nolan Arenado	4	5.2	1.48	0.12	0.3085808580858086	159	25
Nolan Fontana	0.2	0.2	0.2	0.2	0.05	12	5
Nomar Mazara	2.56	4.04	0.8	0.08	0.2527075812274368	148	25
Nori Aoki	1.92	1.4	0.2	0.4	0.2767857142857143	109	25
O'Koyea Dickson	0	0	0	0	0.14285714285714285	6	4
Odrisamer Despaigne	0	0.14285714285714285	0	0	0.10526315789473684	9	7
Odubel Herrera	2.9130434782608696	2.4347826086956523	0.6086956521739131	0.34782608695652173	0.2813688212927757	137	23
Omar Narvaez	0.92	0.56	0.08	0	0.2766798418972332	88	25
Orlando Arcia	2.24	2.12	0.6	0.56	0.2766798418972332	152	25
Orlando Calixte	0.5	0.6	0	0.1	0.14285714285714285	27	10
Ozzie Albies	3.7777777777777777	3.111111111111111	0.6666666666666666	0.8888888888888888	0.2857142857142857	57	9
Pablo Sandoval	1.6875	2	0.5625	0	0.22007722007722008	77	16
Paolo Espino	0	0	0	0	0.25	3	3
Pat Valaika	1.2173913043478262	1.7391304347826086	0.5652173913043478	0	0.2568306010928962	106	23
Patrick Corbin	0.2608695652173913	0	0	0	0.125	33	23
Patrick Kivlehan	0.92	1.04	0.36	0.04	0.20786516853932585	112	25
Paul Blackburn	0	0	0	0	0	1	1
Paul DeJong	3.0555555555555554	3.611111111111111	1.3888888888888888	0.05555555555555555	0.2853717026378897	108	18
Paul Goldschmidt	4.68	4.8	1.44	0.72	0.2974910394265233	154	25
Paul Janish	0	0.6	0	0	0.07692307692307693	11	5
Paul Sewald	0	0	0	0	0	2	2
Paulo Orlando	1.125	0.75	0.25	0.125	0.19767441860465115	32	8
Pedro Alvarez	1	1	0.25	0	0.3125	14	4
Pedro Baez	0	0.5	0	0	0	2	2
Pedro Florimon	2	2	0	0	0.34782608695652173	15	3
Pedro Severino	0	0.375	0	0	0.1724137931034483	16	8
Pedro Strop	0	0	0	0	0	1	1
Pete Kozma	0.42857142857142855	0.14285714285714285	0.07142857142857142	0	0.1111111111111111	32	14
Peter Bourjos	1.125	0.625	0.20833333333333334	0.20833333333333334	0.22340425531914893	88	24
Phil Ervin	0.8888888888888888	1.1111111111111112	0.3333333333333333	0.4444444444444444	0.25862068965517243	28	9
Philip Gosselin	0.21428571428571427	0.14285714285714285	0	0	0.14583333333333334	37	14
Phillip Evans	1	0.25	0	0	0.30303030303030304	18	4
Quintin Berry	0	0	0	0.6666666666666666	0	7	3
R.A. Dickey	0	0.20833333333333334	0	0	0.14754098360655737	30	24
Rafael Bautista	0.2857142857142857	0	0	0	0.16	16	7
Rafael Devers	3.4	3	1	0.3	0.28378378378378377	58	10
Rafael Lopez	1.125	1.5	0.5	0	0.2222222222222222	23	8
Rafael Montero	0.07692307692307693	0.07692307692307693	0	0	0.08	16	13
Raimel Tapia	1.588235294117647	0.9411764705882353	0.11764705882352941	0.29411764705882354	0.2875	68	17
Raisel Iglesias	0	0	0	0	1	1	1
Rajai Davis	2.3333333333333335	0.8333333333333334	0.20833333333333334	1.2083333333333333	0.2344213649851632	109	24
Ramon Flores	0	1	0	0	0.125	3	1
Ramon Torres	0.75	0.3333333333333333	0	0.08333333333333333	0.24324324324324326	30	12
Randal Grichuk	2.409090909090909	2.6818181818181817	1	0.2727272727272727	0.23786407766990292	121	22
Randall Delgado	0	0	0	0	0	7	6
Raudy Read	0.2	0	0	0	0.2727272727272727	8	5
Raul Mondesi	0.4444444444444444	0.3333333333333333	0.1111111111111111	0.5555555555555556	0.16981132075471697	24	9
Renato Nunez	0.3333333333333333	1	0.3333333333333333	0	0.2	8	3
Rene Rivera	0.92	1.4	0.4	0	0.25229357798165136	70	25
Rey Fuentes	1.2666666666666666	0.6	0.2	0.26666666666666666	0.23529411764705882	58	15
Rhys Hoskins	4.625	6	2.25	0.25	0.25882352941176473	50	8
Ricardo Pinto	0.5	0	0	0	0	2	2
Rich Hill	0.05263157894736842	0.21052631578947367	0	0	0.1111111111111111	23	19
Richard Urena	1.2	0.8	0.2	0.2	0.20588235294117646	20	5
Rick Porcello	0	0	0	0	0	2	2
Rickie Weeks	1.3	0.8	0.2	0.1	0.21649484536082475	37	10
Ricky Nolasco	0	0	0	0	0	3	3
Rio Ruiz	2	1.7272727272727273	0.36363636363636365	0.09090909090909091	0.19333333333333333	52	11
Rob Brantly	0.6666666666666666	0.8333333333333334	0.3333333333333333	0	0.2903225806451613	12	6
Rob Refsnyder	0.5333333333333333	0	0	0.26666666666666666	0.17045454545454544	46	15
Rob Scahill	0	0	0	0	0	1	1
Rob Segedin	0.6	0.2	0	0	0.2	10	5
Rob Zastryzny	0	0	0	0	0.3333333333333333	2	2
Robbie Grossman	2.6956521739130435	1.9565217391304348	0.391304347826087	0.13043478260869565	0.24607329842931938	119	23
Robbie Ray	0.23809523809523808	0.09523809523809523	0	0	0.24528301886792453	26	21
Robert Gsellman	0.1111111111111111	0.2222222222222222	0	0	0.14705882352941177	24	18
Robert Stephenson	0.07692307692307693	0	0	0	0.043478260869565216	15	13
Roberto Perez	0.88	1.52	0.32	0	0.2073732718894009	70	25
Robinson Cano	3.2916666666666665	4.041666666666667	0.9583333333333334	0.041666666666666664	0.28040540540540543	150	24
Robinson Chirinos	1.84	1.52	0.68	0.04	0.25475285171102663	84	25
Rocky Gale	0.5	1	0.5	0	0.1	3	2
Ronald Torreyes	1.4	1.44	0.12	0.08	0.2920634920634921	99	25
Rookie Davis	0	0	0	0	0.16666666666666666	6	6
Ross Stripling	0.2222222222222222	0	0	0	0	10	9
Rougned Odor	3.16	3	1.2	0.6	0.2042833607907743	162	25
Ruben Tejada	2.125	0.625	0	0	0.23008849557522124	36	8
Russell Martin	2.45	1.75	0.65	0.05	0.22149837133550487	91	20
Ryan Braun	2.761904761904762	2.4761904761904763	0.8095238095238095	0.5714285714285714	0.26842105263157895	104	21
Ryan Flaherty	0.5555555555555556	0.4444444444444444	0	0	0.21052631578947367	17	9
Ryan Goins	1.48	2.48	0.36	0.12	0.23684210526315788	136	25
Ryan Hanigan	0.5625	0.75	0.125	0	0.26732673267326734	33	16
Ryan LaMarre	0	0	0	0	0	3	1
Ryan Lavarnway	0	0.6666666666666666	0	0	0.2727272727272727	6	3
Ryan McMahon	0.2857142857142857	0.14285714285714285	0	0	0.15789473684210525	14	7
Ryan Raburn	1.1666666666666667	1	0.3333333333333333	0	0.26153846153846155	25	6
Ryan Rua	1.0625	0.75	0.1875	0.125	0.21705426356589147	54	16
Ryan Schimpf	2.4	2.5	1.4	0	0.15757575757575756	53	10
Ryan Tepera	0	0	0	0	0	1	1
Ryan Zimmerman	3.6	4.32	1.44	0.04	0.30343511450381677	142	25
Ryder Jones	1.0909090909090908	0.45454545454545453	0.18181818181818182	0.09090909090909091	0.17333333333333334	52	11
Rymer Liriano	0.8	1.2	0.2	0.2	0.21951219512195122	16	5
Ryon Healy	2.64	3.12	1	0	0.2708333333333333	149	25
Sal Romano	0	0	0	0	0.041666666666666664	15	12
Salvador Perez	2.4782608695652173	3.4782608695652173	1.173913043478261	0.043478260869565216	0.267515923566879	128	23
Sam Freeman	0	0	0	0	0	2	2
Sam Gaviglio	0.5	0	0	0	0.2	2	2
Sam Travis	1.0833333333333333	0.08333333333333333	0	0.08333333333333333	0.2631578947368421	32	12
Sandy Leon	1.28	1.56	0.28	0	0.22509225092250923	82	25
Scooter Gennett	3.2	3.88	1.08	0.12	0.2950108459869848	140	25
Scott Alexander	0	0	0	0	0	3	2
Scott Feldman	0	0	0	0	0.029411764705882353	19	16
Scott Schebler	2.739130434782609	2.9130434782608696	1.3043478260869565	0.21739130434782608	0.23255813953488372	141	23
Scott Van Slyke	0.8571428571428571	0.42857142857142855	0.2857142857142857	0.14285714285714285	0.12195121951219512	28	7
Sean Gilmartin	1	1	0	0	1	1	1
Sean Manaea	0	0	0	0	0	2	2
Sean Newcomb	0.0625	0	0	0	0.037037037037037035	19	16
Sean Rodriguez	1.6363636363636365	0.7272727272727273	0.45454545454545453	0.09090909090909091	0.16666666666666666	50	11
Seth Lugo	0.2857142857142857	0.14285714285714285	0.07142857142857142	0	0.13793103448275862	17	14
Seth Smith	2.0833333333333335	1.3333333333333333	0.5416666666666666	0.08333333333333333	0.25757575757575757	106	24
Shane Peterson	1.125	1.375	0.25	0.25	0.25316455696202533	30	8
Shane Robinson	0.875	0.125	0	0.25	0.1935483870967742	18	8
Shelby Miller	0.6666666666666666	0	0	0	0	4	3
Shin-Soo Choo	3.84	3.12	0.88	0.48	0.2610294117647059	149	25
Starlin Castro	3.3	3.15	0.8	0.1	0.3002257336343115	112	20
Starling Marte	3.4285714285714284	2.2142857142857144	0.5	1.5	0.2750809061488673	77	14
Stephen Cardullo	0.6666666666666666	1	0	0	0.14285714285714285	15	3
Stephen Drew	0.9	1.7	0.1	0	0.25263157894736843	46	10
Stephen Piscotty	1.8181818181818181	1.7727272727272727	0.4090909090909091	0.13636363636363635	0.23460410557184752	106	22
Stephen Strasburg	0.25	0.15	0.1	0	0.12962962962962962	25	20
Stephen Vogt	1.1363636363636365	1.8181818181818181	0.5454545454545454	0	0.23297491039426524	98	22
Steve Lombardozzi	0	0	0	0	0	2	1
Steve Pearce	2.111111111111111	2.0555555555555554	0.7222222222222222	0	0.2523961661341853	92	18
Steve Selsky	0	0	0	0	0.1111111111111111	7	3
Steven Brault	0.25	0.25	0	0	0.23076923076923078	10	8
Steven Matz	0.1	0.1	0	0	0.14285714285714285	16	10
Steven Okert	0	0	0	0	0	1	1
Steven Souza	3.12	3.12	1.2	0.64	0.2390057361376673	147	25
Stuart Turner	0.18181818181818182	0.3181818181818182	0.09090909090909091	0	0.13414634146341464	35	22
T.J. McFarland	0	0	0	0	0.2	4	4
T.J. Rivera	1.6875	1.6875	0.3125	0.0625	0.2897196261682243	72	16
Taijuan Walker	0.3157894736842105	0.2631578947368421	0.05263157894736842	0	0.23076923076923078	25	19
Tanner Roark	0.04	0	0	0	0.09090909090909091	29	25
Taylor Davis	0.3333333333333333	0.3333333333333333	0	0	0.23076923076923078	7	3
Taylor Featherston	1	1	0.3333333333333333	0.16666666666666666	0.1794871794871795	17	6
Taylor Motter	1.380952380952381	1.2380952380952381	0.3333333333333333	0.5714285714285714	0.19767441860465115	88	21
Teoscar Hernandez	3.2	4	1.6	0	0.26136363636363635	26	5
Terrance Gore	0.3333333333333333	0	0	0.3333333333333333	0	12	6
Tim Adleman	0	0.13333333333333333	0	0	0.10344827586206896	18	15
Tim Anderson	2.88	2.24	0.68	0.6	0.2572402044293015	146	25
Tim Beckham	2.68	2.48	0.88	0.24	0.2776735459662289	137	25
Tim Federowicz	0.5	0.5	0.3333333333333333	0	0.23076923076923078	10	6
Tim Locastro	0	0	0	1	0	3	1
Todd Frazier	2.96	3.04	1.08	0.16	0.21308016877637131	145	25
Tom Koehler	0	0	0	0	0.047619047619047616	11	10
Tom Murphy	0.2	0.2	0	0	0.041666666666666664	11	5
Tom Wilhelmsen	0	0	0	0	0	1	1
Tomas Nido	0	1	0	0	0.3	5	3
Tomas Telis	1	0.6923076923076923	0	0	0.2403846153846154	47	13
Tommy Joseph	2.04	2.76	0.88	0.04	0.2404040404040404	142	25
Tommy La Stella	1	1.2222222222222223	0.2777777777777778	0	0.288	73	18
Tommy Milone	0	0.16666666666666666	0	0	0.1111111111111111	7	6
Tommy Pham	4.523809523809524	3.4761904761904763	1.0952380952380953	1.1904761904761905	0.3063063063063063	128	21
Tony Kemp	1	0.6666666666666666	0	0.16666666666666666	0.21621621621621623	16	6
Tony Sanchez	0	0	0	0	0	1	1
Tony Sipp	0	0	0	0	0	1	1
Tony Watson	0	0	0	0	0	1	1
Tony Wolters	1.4285714285714286	0.7619047619047619	0	0	0.24017467248908297	79	21
Travis d'Arnaud	1.6956521739130435	2.4782608695652173	0.6956521739130435	0	0.2442528735632184	111	23
Travis Jankowski	2	0.2	0	0.8	0.18666666666666668	26	5
Travis Shaw	3.36	4.04	1.24	0.4	0.2732342007434944	144	25
Travis Taijeron	0.5	0.5	0.16666666666666666	0	0.17307692307692307	26	6
Travis Wood	0.3	0.6	0.2	0	0.2222222222222222	12	10
Trayce Thompson	0.75	0.25	0.125	0	0.12244897959183673	24	8
Trea Turner	4.411764705882353	2.6470588235294117	0.6470588235294118	2.7058823529411766	0.28398058252427183	98	17
Trevor Bauer	0	0	0	0	0	2	2
Trevor Cahill	0.1111111111111111	0.2222222222222222	0	0	0.2857142857142857	10	9
Trevor Plouffe	1.4090909090909092	0.8636363636363636	0.4090909090909091	0.045454545454545456	0.1978798586572438	96	22
Trevor Story	2.8333333333333335	3.4166666666666665	1	0.2916666666666667	0.23856858846918488	145	24
Trevor Williams	0.05	0	0	0	0.04878048780487805	25	20
Trey Mancini	2.6	3.12	0.96	0.04	0.292817679558011	147	25
Troy Tulowitzki	1.3333333333333333	2.1666666666666665	0.5833333333333334	0	0.24896265560165975	66	12
Tucker Barnhart	1.04	1.76	0.28	0.16	0.2702702702702703	119	25
Tuffy Gosewisch	0.3333333333333333	0	0	0	0.07142857142857142	10	3
Ty Blach	0.2777777777777778	0.3888888888888889	0.05555555555555555	0	0.22727272727272727	27	18
Ty Kelly	0.5	0.6363636363636364	0.09090909090909091	0	0.19101123595505617	67	22
Tyler Anderson	0.07692307692307693	0	0	0	0.038461538461538464	16	13
Tyler Austin	0.5714285714285714	1.1428571428571428	0.2857142857142857	0	0.225	16	7
Tyler Chatwood	0.2631578947368421	0.10526315789473684	0	0	0.15384615384615385	26	19
Tyler Collins	1.8	1.4	0.5	0	0.19333333333333333	49	10
Tyler Flowers	1.64	1.96	0.48	0	0.2807570977917981	99	25
Tyler Glasnow	0.09090909090909091	0.2727272727272727	0	0	0.29411764705882354	16	11
Tyler Lyons	0	0	0	0	0	2	2
Tyler Mahle	0.25	0	0	0	0.14285714285714285	4	4
Tyler Moore	0.7727272727272727	1.3636363636363635	0.2727272727272727	0	0.22994652406417113	100	22
Tyler Naquin	0.5714285714285714	0.14285714285714285	0	0	0.21621621621621623	17	7
Tyler Pill	0	0	0	0	0	3	2
Tyler Saladino	1.2105263157894737	0.5263157894736842	0	0.2631578947368421	0.17786561264822134	77	19
Tyler Skaggs	0	0	0	0	0	1	1
Tyler Smith	0.5	0.25	0	0	0.1875	8	4
Tyler Wade	0.6363636363636364	0.18181818181818182	0	0.09090909090909091	0.15517241379310345	25	11
Tyler White	1	1.4285714285714286	0.42857142857142855	0	0.2786885245901639	21	7
Tzu-Wei Lin	0.7777777777777778	0.2222222222222222	0	0.1111111111111111	0.26785714285714285	23	9
Ubaldo Jimenez	0	0	0	0	0.2	3	3
Vance Worley	0	0.2	0	0	0.18181818181818182	18	15
Victor Caratini	0.6	0.2	0.1	0	0.2542372881355932	29	10
Victor Martinez	2	2.473684210526316	0.5263157894736842	0	0.25510204081632654	107	19
Victor Robles	0.5	1	0	0	0.25	11	4
Vidal Nuno	0	0	0	0	0	1	1
Vince Velasquez	0.09090909090909091	0.09090909090909091	0	0	0.25	14	11
Wade LeBlanc	0	0.5	0	0	0.2	3	2
Wade Miley	0	0	0	0	0.25	2	2
Wei-Yin Chen	0	0	0	0	0.125	4	4
Welington Castillo	1.9130434782608696	2.3043478260869565	0.8695652173913043	0	0.28152492668621704	94	23
Whit Merrifield	3.4782608695652173	3.391304347826087	0.8260869565217391	1.4782608695652173	0.2879045996592845	145	23
Wil Myers	3.2	2.96	1.2	0.8	0.24338624338624337	155	25
Will Middlebrooks	1	0.6	0	0	0.21052631578947367	20	5
Willie Calhoun	1	1.3333333333333333	0.3333333333333333	0	0.2647058823529412	13	3
Willson Contreras	2.272727272727273	3.3636363636363638	0.9545454545454546	0.22727272727272727	0.27586206896551724	117	22
Willy Garcia	0.9375	0.75	0.125	0	0.23809523809523808	42	16
Wilmer Difo	1.9583333333333333	0.875	0.20833333333333334	0.4166666666666667	0.2710843373493976	123	24
Wilmer Flores	2.1	2.6	0.9	0.05	0.2708333333333333	106	20
Wilson Ramos	1.3571428571428572	2.5	0.7857142857142857	0	0.25961538461538464	62	14
Wily Peralta	0	0.14285714285714285	0	0	0.23076923076923078	8	7
Xander Bogaerts	3.76	2.48	0.4	0.6	0.2732049036777583	146	25
Yacksel Rios	0	0	0	0	0	1	1
Yadiel Rivera	0	0	0	0	0	1	1
Yadier Molina	2.4	3.28	0.72	0.36	0.27345309381237526	136	25
Yan Gomes	1.72	2.24	0.56	0	0.2316715542521994	104	25
Yandy Diaz	2.5	1.3	0	0.2	0.26282051282051283	48	10
Yangervis Solarte	2.227272727272727	2.909090909090909	0.8181818181818182	0.13636363636363635	0.2553648068669528	127	22
Yasiel Puig	2.88	2.96	1.12	0.6	0.2625250501002004	151	25
Yasmani Grandal	2	2.32	0.88	0	0.2465753424657534	129	25
Yasmany Tomas	2.111111111111111	3.5555555555555554	0.8888888888888888	0	0.24096385542168675	47	9
Yoan Moncada	3.1	2.2	0.8	0.3	0.23115577889447236	54	10
Yoenis Cespedes	3.066666666666667	2.8	1.1333333333333333	0	0.2920962199312715	81	15
Yolmer Sanchez	2.52	2.36	0.48	0.32	0.2665289256198347	141	25
Yonder Alonso	2.88	2.68	1.12	0.08	0.26666666666666666	139	25
Yovani Gallardo	0	0	0	0	0.5	1	1
Yu Darvish	0	0	0	0	0.058823529411764705	9	9
Yuli Gurriel	2.76	3	0.72	0.12	0.29867674858223064	139	25
Yunel Escobar	2.8666666666666667	2.066666666666667	0.4666666666666667	0.06666666666666667	0.2742857142857143	89	15
Zach Davies	0.2916666666666667	0.125	0	0	0.125	32	24
Zach Eflin	0.14285714285714285	0.2857142857142857	0	0	0.14285714285714285	10	7
Zach Lee	0	0	0	0	0	1	1
Zach Vincej	0.4	0	0	0	0.1111111111111111	9	5
Zack Cozart	3.3333333333333335	2.625	1	0.125	0.2968036529680365	122	24
Zack Godley	0.05	0.1	0	0	0.047619047619047616	25	20
Zack Granite	1.4	1.3	0.1	0.2	0.23655913978494625	38	10
Zack Greinke	0.17391304347826086	0.17391304347826086	0	0	0.20967741935483872	30	23
Zack Wheeler	0.09090909090909091	0	0	0	0.07407407407407407	15	11
